0.820305735452253
0.451430627682483
0.597987256605211
0.764373234331662
0.789904148031814
0.646741712328031
0.791741225563104
0.886471293048721
0.772112128309553
0
0.890221140703939
0.841447804024451
0.826286314893380
0.856227517968272
0.702405745225140
0.881375671123706
0.896096617820539
0.883204117663550
0.772032041813461
0.780510277413343
0.816662514320565
0.815238857481320
0.746467660363147
0
0.818624753662718
0.626854745860312
0.764690543163574
0.494321952028826
0
0.781831927511163
0.789223544096565
0.944936581885697
0.528440088942912
0.896420879794649
0.435387934020871
0.833290759996005
0.840993756917729
0.745280451935242
0.742195195889418
0
0.766082031234672
0.101397555856169