1.0 39
2.0 235
3.0 324
4.0 359
5.0 533
6.0 369
7.0 1124
8.0 900
9.0 892
10.0 989
11.0 942
12.0 891
13.0 931
14.0 811
15.0 925
16.0 863
17.0 891
18.0 818
19.0 824
20.0 862
21.0 795
22.0 769
23.0 770
24.0 728
25.0 811
26.0 711
27.0 710
28.0 658
29.0 649
30.0 762
31.0 592
32.0 592
33.0 618
34.0 594
35.0 666
36.0 491
37.0 548
38.0 493
39.0 496
40.0 551
41.0 497
42.0 456
43.0 481
44.0 383
45.0 459
46.0 333
47.0 397
48.0 322
49.0 314
50.0 447
51.0 263
52.0 276
53.0 372
54.0 78
55.0 382
56.0 84
57.0 96
58.0 99
59.0 39
60.0 150380
61.0 24
62.0 30
63.0 20
64.0 10
65.0 208
66.0 7
67.0 15
68.0 21
69.0 10
70.0 49
71.0 5
72.0 3
73.0 5
74.0 12
75.0 19
76.0 5
77.0 7
78.0 5
79.0 6
80.0 6
81.0 7
82.0 4
83.0 4
84.0 8
85.0 9
86.0 3
87.0 1
88.0 2
90.0 8
91.0 6
92.0 4
93.0 5
94.0 1
95.0 7
98.0 4
99.0 5
100.0 5
101.0 3
102.0 4
103.0 3
104.0 2
105.0 9
106.0 3
107.0 3
108.0 2
109.0 4
110.0 13
111.0 3
112.0 6
114.0 1
115.0 23
116.0 3
118.0 4
119.0 2
120.0 3542
121.0 1
122.0 3
123.0 1
125.0 15
127.0 1
128.0 3
129.0 1
130.0 8
134.0 1
135.0 2
138.0 1
140.0 1
148.0 1
150.0 1
160.0 1
165.0 1
166.0 1
169.0 1
172.0 1
175.0 1
180.0 368
185.0 3
187.0 1
201.0 1
216.0 1
232.0 2
240.0 78
245.0 1
250.0 1
300.0 44
360.0 13
420.0 5
442.0 1
473.0 1
480.0 7
532.0 1
540.0 5
579.0 1
585.0 1
600.0 4
660.0 1
720.0 2
840.0 1
887.0 1
1140.0 1
1200.0 1
2160.0 1
6420.0 1
6720.0 1
10620.0 1
13200.0 1
15660.0 1
