0.4706 0.0294 0.0000 0.0000 0.0000 0.0000 0.0000 0.0000 0.0000 0.0000 0.0000 0.0000 0.0000 0.0000 0.0000 0.0000 0.0000 0.0000 0.0000 0.0000 0.1471 0.0000 0.0000 0.0000 0.0000 0.1471 0.0000 0.0588 0.0000 0.0000 0.0000 0.0000 0.1176 0.0000 0.0000 0.0000 0.0000 0.0000 0.0000 0.0000 0.0294 0.0000
0.0000 0.8137 0.0021 0.0025 0.0002 0.0050 0.0000 0.0000 0.0000 0.0000 0.0000 0.0000 0.0000 0.0000 0.0001 0.0000 0.0000 0.0000 0.0002 0.0000 0.0000 0.0000 0.0000 0.0000 0.0000 0.0249 0.0062 0.0869 0.0000 0.0000 0.0000 0.0000 0.0576 0.0000 0.0000 0.0000 0.0000 0.0000 0.0000 0.0000 0.0004 0.0000
0.0000 0.0252 0.6683 0.0632 0.0000 0.0010 0.0000 0.0000 0.0000 0.0000 0.0000 0.0000 0.0094 0.0000 0.0000 0.0000 0.0000 0.0000 0.0247 0.0084 0.0025 0.0005 0.0015 0.0000 0.0000 0.0681 0.0893 0.0000 0.0000 0.0015 0.0005 0.0000 0.0316 0.0000 0.0005 0.0000 0.0000 0.0005 0.0025 0.0000 0.0010 0.0000
0.0000 0.0070 0.0360 0.7798 0.0049 0.0000 0.0000 0.0000 0.0000 0.0000 0.0000 0.0000 0.0168 0.0009 0.0002 0.0004 0.0000 0.0000 0.0145 0.0130 0.0053 0.0036 0.0021 0.0000 0.0013 0.0217 0.0761 0.0002 0.0000 0.0009 0.0013 0.0000 0.0066 0.0000 0.0000 0.0009 0.0006 0.0002 0.0013 0.0000 0.0043 0.0000
0.0000 0.0222 0.0222 0.1333 0.4815 0.0000 0.0000 0.0000 0.0000 0.0000 0.0000 0.0000 0.0148 0.0074 0.0000 0.0074 0.0000 0.0000 0.0000 0.0000 0.0222 0.0074 0.0000 0.0000 0.0000 0.0593 0.1630 0.0000 0.0000 0.0000 0.0000 0.0000 0.0370 0.0000 0.0000 0.0000 0.0000 0.0000 0.0000 0.0000 0.0222 0.0000
0.0003 0.0312 0.0003 0.0003 0.0000 0.6325 0.0005 0.0003 0.0008 0.0000 0.0000 0.0000 0.0030 0.0000 0.0000 0.0000 0.0003 0.0000 0.0189 0.0000 0.0115 0.0003 0.0030 0.0000 0.0000 0.0928 0.1344 0.0296 0.0000 0.0016 0.0000 0.0000 0.0367 0.0000 0.0000 0.0003 0.0000 0.0003 0.0008 0.0000 0.0003 0.0000
0.0000 0.0000 0.0000 0.0000 0.0000 0.0000 0.0845 0.0000 0.0000 0.0000 0.0000 0.0000 0.0000 0.0000 0.0000 0.0000 0.0000 0.0000 0.4930 0.0000 0.0000 0.0000 0.0141 0.0000 0.0000 0.0141 0.1690 0.0000 0.0000 0.2113 0.0000 0.0000 0.0000 0.0000 0.0000 0.0000 0.0000 0.0000 0.0141 0.0000 0.0000 0.0000
0.0000 0.0000 0.0000 0.0000 0.0000 0.0000 0.0000 0.2973 0.0000 0.0000 0.0000 0.0000 0.0000 0.0000 0.0000 0.0000 0.0000 0.0000 0.0000 0.0000 0.2973 0.0000 0.0000 0.0000 0.0000 0.0000 0.0270 0.0000 0.0000 0.0000 0.0000 0.0000 0.0000 0.0000 0.0000 0.3784 0.0000 0.0000 0.0000 0.0000 0.0000 0.0000
0.0000 0.0000 0.0000 0.0000 0.0000 0.0000 0.0119 0.0000 0.0952 0.0000 0.0000 0.0000 0.0000 0.0000 0.0000 0.0000 0.0000 0.0000 0.3214 0.0000 0.0000 0.0000 0.2500 0.0000 0.0000 0.0357 0.1071 0.0000 0.0000 0.0476 0.0000 0.0000 0.0000 0.0000 0.0000 0.0000 0.0000 0.0238 0.1071 0.0000 0.0000 0.0000
0.0000 0.0000 0.0000 0.0000 0.0000 0.0000 0.0000 0.0000 0.0000 0.0000 0.0000 0.0000 0.0000 0.0000 0.0000 0.0000 0.0000 0.0000 0.0000 0.0000 0.0000 0.0000 0.0000 0.0000 0.0000 0.0000 0.0000 0.0000 0.0000 0.0000 0.0000 0.0000 1.0000 0.0000 0.0000 0.0000 0.0000 0.0000 0.0000 0.0000 0.0000 0.0000
0.0000 0.0000 0.0000 0.0000 0.1250 0.0000 0.0000 0.0000 0.0000 0.0000 0.0000 0.0000 0.0000 0.0000 0.0000 0.0000 0.1250 0.0000 0.2500 0.0000 0.2500 0.0000 0.0000 0.0000 0.0000 0.0000 0.1250 0.0000 0.0000 0.0000 0.0000 0.0000 0.0000 0.0000 0.0000 0.1250 0.0000 0.0000 0.0000 0.0000 0.0000 0.0000
0.0000 0.0000 0.0000 0.0000 0.0333 0.0000 0.0000 0.0000 0.0000 0.0000 0.0000 0.6667 0.0000 0.0000 0.0000 0.0000 0.0000 0.0000 0.0000 0.0000 0.0333 0.0333 0.0000 0.0000 0.0000 0.0667 0.0667 0.0000 0.0000 0.0000 0.0000 0.0000 0.0667 0.0000 0.0000 0.0000 0.0000 0.0000 0.0000 0.0000 0.0333 0.0000
0.0000 0.0000 0.0154 0.0826 0.0040 0.0049 0.0000 0.0000 0.0000 0.0000 0.0000 0.0000 0.5028 0.0024 0.0000 0.0008 0.0000 0.0000 0.1077 0.0186 0.0089 0.0016 0.0000 0.0000 0.0000 0.0105 0.2316 0.0000 0.0000 0.0049 0.0000 0.0000 0.0008 0.0000 0.0000 0.0000 0.0000 0.0000 0.0016 0.0000 0.0008 0.0000
0.0000 0.0000 0.0000 0.0139 0.0000 0.0000 0.0000 0.0000 0.0000 0.0000 0.0139 0.0000 0.0556 0.4722 0.0139 0.0972 0.0000 0.0000 0.0000 0.0000 0.1111 0.0139 0.0000 0.0000 0.0000 0.0139 0.1806 0.0000 0.0000 0.0000 0.0000 0.0000 0.0000 0.0000 0.0000 0.0139 0.0000 0.0000 0.0000 0.0000 0.0000 0.0000
0.0000 0.0000 0.0000 0.0192 0.0000 0.0192 0.0000 0.0000 0.0000 0.0000 0.0000 0.0000 0.0000 0.0192 0.6538 0.0192 0.0000 0.0000 0.0000 0.0000 0.0000 0.0000 0.0000 0.0000 0.0000 0.0769 0.1731 0.0000 0.0000 0.0000 0.0000 0.0000 0.0192 0.0000 0.0000 0.0000 0.0000 0.0000 0.0000 0.0000 0.0000 0.0000
0.0000 0.0000 0.0000 0.0172 0.0086 0.0000 0.0000 0.0000 0.0000 0.0000 0.0086 0.0000 0.0086 0.0690 0.0000 0.6466 0.0086 0.0000 0.0259 0.0000 0.0517 0.0172 0.0000 0.0000 0.0000 0.0000 0.1034 0.0000 0.0000 0.0086 0.0000 0.0000 0.0000 0.0000 0.0000 0.0086 0.0000 0.0000 0.0000 0.0000 0.0172 0.0000
0.0000 0.0000 0.0000 0.0000 0.0000 0.0000 0.0000 0.0000 0.0000 0.0000 0.1071 0.0000 0.0357 0.0000 0.0000 0.0357 0.3929 0.0000 0.1071 0.0000 0.2857 0.0000 0.0000 0.0000 0.0000 0.0000 0.0357 0.0000 0.0000 0.0000 0.0000 0.0000 0.0000 0.0000 0.0000 0.0000 0.0000 0.0000 0.0000 0.0000 0.0000 0.0000
0.0000 0.0000 0.0000 0.0000 0.0000 0.0000 0.0000 0.0000 0.0000 0.0000 0.0000 0.0000 0.0000 0.0000 0.0000 0.0000 0.0000 0.0000 0.0000 0.0000 0.0000 0.0000 0.0000 0.0000 1.0000 0.0000 0.0000 0.0000 0.0000 0.0000 0.0000 0.0000 0.0000 0.0000 0.0000 0.0000 0.0000 0.0000 0.0000 0.0000 0.0000 0.0000
0.0000 0.0009 0.0086 0.0136 0.0000 0.0087 0.0044 0.0000 0.0015 0.0000 0.0002 0.0000 0.0233 0.0003 0.0000 0.0009 0.0012 0.0000 0.5461 0.0176 0.0110 0.0000 0.0060 0.0002 0.0000 0.0589 0.2522 0.0006 0.0000 0.0323 0.0006 0.0000 0.0058 0.0000 0.0000 0.0002 0.0000 0.0011 0.0032 0.0000 0.0006 0.0000
0.0000 0.0009 0.0104 0.0863 0.0009 0.0009 0.0000 0.0000 0.0000 0.0000 0.0000 0.0000 0.0342 0.0000 0.0000 0.0000 0.0000 0.0000 0.1053 0.4877 0.0019 0.0000 0.0104 0.0000 0.0000 0.0380 0.1793 0.0009 0.0000 0.0114 0.0237 0.0000 0.0019 0.0000 0.0000 0.0000 0.0000 0.0009 0.0038 0.0000 0.0009 0.0000
0.0020 0.0008 0.0008 0.0104 0.0010 0.0072 0.0000 0.0018 0.0000 0.0000 0.0002 0.0006 0.0016 0.0016 0.0000 0.0014 0.0006 0.0000 0.0082 0.0000 0.7546 0.0098 0.0000 0.0000 0.0000 0.0414 0.1171 0.0074 0.0000 0.0000 0.0000 0.0000 0.0102 0.0002 0.0000 0.0149 0.0008 0.0000 0.0000 0.0002 0.0055 0.0000
0.0018 0.0000 0.0000 0.0513 0.0055 0.0000 0.0000 0.0000 0.0000 0.0000 0.0000 0.0037 0.0000 0.0000 0.0000 0.0000 0.0000 0.0000 0.0018 0.0037 0.0971 0.5128 0.0000 0.0000 0.0000 0.0897 0.1575 0.0000 0.0000 0.0037 0.0000 0.0000 0.0110 0.0000 0.0000 0.0110 0.0110 0.0000 0.0000 0.0000 0.0385 0.0000
0.0000 0.0020 0.0000 0.0041 0.0000 0.0102 0.0041 0.0000 0.0346 0.0000 0.0000 0.0000 0.0020 0.0000 0.0000 0.0000 0.0000 0.0000 0.2012 0.0346 0.0000 0.0000 0.2541 0.0000 0.0000 0.1179 0.2215 0.0000 0.0000 0.0224 0.0041 0.0000 0.0041 0.0000 0.0000 0.0000 0.0000 0.0203 0.0630 0.0000 0.0000 0.0000
0.0000 0.0000 0.0000 0.0000 0.0000 0.0000 0.0000 0.0000 0.0000 0.0000 0.0000 0.0000 0.0000 0.0000 0.0000 0.0000 0.0000 0.0000 0.0000 0.0000 1.0000 0.0000 0.0000 0.0000 0.0000 0.0000 0.0000 0.0000 0.0000 0.0000 0.0000 0.0000 0.0000 0.0000 0.0000 0.0000 0.0000 0.0000 0.0000 0.0000 0.0000 0.0000
0.0000 0.0244 0.0000 0.1220 0.0000 0.0244 0.0000 0.0000 0.0000 0.0000 0.0000 0.0000 0.0244 0.0000 0.0000 0.0000 0.0000 0.0244 0.0488 0.0000 0.0000 0.0000 0.0000 0.0000 0.4390 0.0244 0.2439 0.0244 0.0000 0.0000 0.0000 0.0000 0.0000 0.0000 0.0000 0.0000 0.0000 0.0000 0.0000 0.0000 0.0000 0.0000
0.0000 0.0123 0.0025 0.0019 0.0001 0.0074 0.0000 0.0000 0.0004 0.0000 0.0000 0.0000 0.0004 0.0000 0.0001 0.0000 0.0000 0.0000 0.0084 0.0010 0.0032 0.0010 0.0018 0.0000 0.0001 0.6574 0.1461 0.0205 0.0000 0.0004 0.0000 0.0000 0.1321 0.0000 0.0000 0.0002 0.0000 0.0009 0.0009 0.0000 0.0009 0.0000
0.0001 0.0036 0.0044 0.0069 0.0004 0.0138 0.0004 0.0000 0.0003 0.0000 0.0000 0.0000 0.0066 0.0003 0.0002 0.0003 0.0001 0.0000 0.0388 0.0048 0.0166 0.0022 0.0033 0.0000 0.0003 0.1249 0.7457 0.0043 0.0000 0.0019 0.0003 0.0000 0.0159 0.0000 0.0000 0.0003 0.0002 0.0009 0.0010 0.0000 0.0015 0.0000
0.0001 0.1723 0.0000 0.0002 0.0000 0.0065 0.0000 0.0000 0.0001 0.0000 0.0000 0.0000 0.0000 0.0000 0.0001 0.0000 0.0000 0.0000 0.0004 0.0000 0.0008 0.0000 0.0001 0.0000 0.0000 0.0600 0.0077 0.5883 0.0001 0.0001 0.0000 0.0000 0.1630 0.0000 0.0000 0.0000 0.0000 0.0001 0.0000 0.0000 0.0003 0.0000
0.0000 0.3333 0.0000 0.0000 0.0000 0.0000 0.0000 0.0000 0.0000 0.0000 0.0000 0.0000 0.0000 0.0000 0.0000 0.0000 0.0000 0.0000 0.0000 0.0000 0.0000 0.0000 0.0000 0.0000 0.0000 0.3333 0.0000 0.0000 0.3333 0.0000 0.0000 0.0000 0.0000 0.0000 0.0000 0.0000 0.0000 0.0000 0.0000 0.0000 0.0000 0.0000
0.0000 0.0000 0.0076 0.0133 0.0000 0.0038 0.0265 0.0000 0.0019 0.0000 0.0019 0.0000 0.0057 0.0000 0.0000 0.0000 0.0000 0.0000 0.5019 0.0189 0.0057 0.0000 0.0114 0.0000 0.0000 0.0152 0.1042 0.0000 0.0000 0.2576 0.0057 0.0000 0.0038 0.0000 0.0000 0.0019 0.0000 0.0000 0.0133 0.0000 0.0000 0.0000
0.0000 0.0116 0.0233 0.0814 0.0000 0.0000 0.0000 0.0000 0.0000 0.0000 0.0000 0.0000 0.0349 0.0000 0.0000 0.0000 0.0000 0.0000 0.0930 0.2907 0.0000 0.0116 0.0000 0.0000 0.0000 0.0465 0.0698 0.0000 0.0000 0.0116 0.3140 0.0000 0.0000 0.0000 0.0000 0.0000 0.0000 0.0000 0.0116 0.0000 0.0000 0.0000
0.0000 0.0000 0.0000 0.0000 0.0000 0.0000 0.0000 0.0000 0.0000 0.0000 0.0000 0.0000 0.0000 0.0000 0.0000 0.0000 0.0000 0.0000 0.0000 0.0000 0.0000 0.0000 0.0000 0.0000 0.0000 1.0000 0.0000 0.0000 0.0000 0.0000 0.0000 0.0000 0.0000 0.0000 0.0000 0.0000 0.0000 0.0000 0.0000 0.0000 0.0000 0.0000
0.0000 0.0736 0.0025 0.0022 0.0001 0.0052 0.0000 0.0000 0.0001 0.0000 0.0000 0.0000 0.0001 0.0000 0.0001 0.0000 0.0000 0.0000 0.0009 0.0001 0.0009 0.0001 0.0005 0.0000 0.0000 0.2032 0.0218 0.1224 0.0000 0.0000 0.0001 0.0000 0.5647 0.0000 0.0000 0.0000 0.0000 0.0005 0.0003 0.0000 0.0004 0.0000
0.0000 0.0000 0.0000 0.0000 0.0000 0.0000 0.0000 0.0000 0.0000 0.0000 0.0000 0.0000 0.0000 0.0000 0.0000 0.0000 0.0000 0.0000 0.0000 0.0000 0.6667 0.0000 0.0000 0.0000 0.0000 0.0000 0.0000 0.0000 0.0000 0.0000 0.0000 0.0000 0.0000 0.3333 0.0000 0.0000 0.0000 0.0000 0.0000 0.0000 0.0000 0.0000
0.0000 1.0000 0.0000 0.0000 0.0000 0.0000 0.0000 0.0000 0.0000 0.0000 0.0000 0.0000 0.0000 0.0000 0.0000 0.0000 0.0000 0.0000 0.0000 0.0000 0.0000 0.0000 0.0000 0.0000 0.0000 0.0000 0.0000 0.0000 0.0000 0.0000 0.0000 0.0000 0.0000 0.0000 0.0000 0.0000 0.0000 0.0000 0.0000 0.0000 0.0000 0.0000
0.0000 0.0000 0.0000 0.0177 0.0044 0.0044 0.0000 0.0664 0.0000 0.0000 0.0000 0.0000 0.0000 0.0000 0.0000 0.0000 0.0000 0.0000 0.0044 0.0000 0.3982 0.0265 0.0000 0.0000 0.0000 0.0133 0.0531 0.0000 0.0000 0.0000 0.0000 0.0000 0.0088 0.0000 0.0000 0.3761 0.0044 0.0000 0.0000 0.0000 0.0221 0.0000
0.0000 0.0000 0.0000 0.0263 0.0000 0.0000 0.0000 0.0000 0.0000 0.0000 0.0000 0.0000 0.0000 0.0000 0.0000 0.0000 0.0000 0.0000 0.0000 0.0000 0.1316 0.2895 0.0000 0.0000 0.0000 0.0000 0.1316 0.0000 0.0000 0.0000 0.0000 0.0000 0.0526 0.0000 0.0000 0.0789 0.1842 0.0000 0.0000 0.0000 0.1053 0.0000
0.0000 0.0000 0.0000 0.0000 0.0000 0.0159 0.0000 0.0000 0.0556 0.0000 0.0000 0.0000 0.0000 0.0000 0.0000 0.0000 0.0000 0.0000 0.1032 0.0238 0.0000 0.0000 0.2460 0.0000 0.0000 0.1746 0.1825 0.0000 0.0000 0.0079 0.0000 0.0000 0.0079 0.0000 0.0000 0.0000 0.0000 0.1270 0.0556 0.0000 0.0000 0.0000
0.0000 0.0043 0.0000 0.0087 0.0000 0.0000 0.0043 0.0000 0.0217 0.0000 0.0000 0.0000 0.0000 0.0000 0.0000 0.0043 0.0000 0.0000 0.2652 0.1043 0.0000 0.0000 0.0565 0.0000 0.0000 0.0870 0.1217 0.0000 0.0000 0.0826 0.0174 0.0000 0.0000 0.0000 0.0000 0.0000 0.0000 0.0043 0.2174 0.0000 0.0000 0.0000
0.0000 0.0000 0.0000 0.0000 0.0000 0.0000 0.0000 0.0000 0.0000 0.0000 0.0000 0.0000 0.0000 0.0000 0.0000 0.0000 0.0000 0.0000 0.0000 0.0000 0.0000 0.0000 0.0000 0.0000 0.0000 0.0000 0.0000 0.0000 0.0000 0.0000 0.0000 0.0000 0.0000 0.0000 0.0000 1.0000 0.0000 0.0000 0.0000 0.0000 0.0000 0.0000
0.0000 0.0433 0.0181 0.0325 0.0000 0.0036 0.0000 0.0000 0.0000 0.0000 0.0000 0.0072 0.0072 0.0000 0.0000 0.0000 0.0000 0.0000 0.0181 0.0072 0.1841 0.1372 0.0036 0.0000 0.0000 0.0794 0.1011 0.0072 0.0000 0.0036 0.0000 0.0000 0.0542 0.0000 0.0000 0.0397 0.0289 0.0036 0.0000 0.0000 0.2202 0.0000
0.0000 0.0000 0.0000 0.0000 0.0000 0.0000 0.0000 0.0000 0.0000 0.0000 0.0000 0.0000 0.0000 0.0000 0.0000 0.0000 0.0000 0.0000 0.0000 0.0000 0.0000 0.0000 0.0000 0.0000 0.0000 0.0000 0.0000 0.0000 0.0000 0.0000 0.0000 0.0000 1.0000 0.0000 0.0000 0.0000 0.0000 0.0000 0.0000 0.0000 0.0000 0.0000