             o  ,    o  ,                                  CHICAGO, ILLINOIS                           Astronomical Applications Dept.
Location: W087 41, N41 51                          Rise and Set for the Sun for 1994                   U. S. Naval Observatory        
                                                                                                       Washington, DC  20392-5420     
                                                         Central Standard Time                                                        
                                                                                                                                      
                                                                                                                                      
       Jan.       Feb.       Mar.       Apr.       May        June       July       Aug.       Sept.      Oct.       Nov.       Dec.  
Day Rise  Set  Rise  Set  Rise  Set  Rise  Set  Rise  Set  Rise  Set  Rise  Set  Rise  Set  Rise  Set  Rise  Set  Rise  Set  Rise  Set
     h m  h m   h m  h m   h m  h m   h m  h m   h m  h m   h m  h m   h m  h m   h m  h m   h m  h m   h m  h m   h m  h m   h m  h m
01  0718 1631  0703 1706  0626 1741  0534 1816  0447 1849  0418 1919  0419 1930  0444 1909  0516 1824  0547 1733  0623 1645  0659 1621
02  0718 1631  0702 1707  0624 1742  0532 1817  0446 1850  0418 1920  0420 1929  0445 1908  0517 1823  0549 1731  0624 1644  0700 1620
03  0718 1632  0701 1708  0623 1743  0530 1818  0445 1851  0417 1921  0420 1929  0446 1907  0518 1821  0550 1729  0625 1643  0701 1620
04  0718 1633  0700 1710  0621 1744  0529 1819  0443 1852  0417 1921  0421 1929  0447 1905  0519 1819  0551 1727  0627 1642  0702 1620
05  0718 1634  0659 1711  0619 1746  0527 1820  0442 1853  0417 1922  0422 1929  0448 1904  0520 1818  0552 1726  0628 1640  0703 1620
06  0718 1635  0658 1712  0618 1747  0525 1822  0441 1854  0416 1923  0422 1928  0449 1903  0521 1816  0553 1724  0629 1639  0704 1620
07  0718 1636  0657 1714  0616 1748  0524 1823  0440 1856  0416 1923  0423 1928  0450 1902  0522 1814  0554 1722  0630 1638  0705 1620
08  0718 1637  0656 1715  0615 1749  0522 1824  0438 1857  0416 1924  0424 1928  0452 1900  0524 1812  0555 1721  0632 1637  0705 1620
09  0718 1638  0654 1716  0613 1750  0520 1825  0437 1858  0416 1925  0424 1927  0453 1859  0525 1811  0556 1719  0633 1636  0706 1620
10  0718 1639  0653 1717  0611 1751  0519 1826  0436 1859  0415 1925  0425 1927  0454 1858  0526 1809  0557 1718  0634 1635  0707 1620
11  0717 1640  0652 1719  0610 1753  0517 1827  0435 1900  0415 1926  0426 1926  0455 1857  0527 1807  0558 1716  0635 1634  0708 1620
12  0717 1641  0651 1720  0608 1754  0516 1828  0434 1901  0415 1926  0426 1926  0456 1855  0528 1806  0600 1714  0637 1633  0709 1620
13  0717 1643  0649 1721  0606 1755  0514 1829  0433 1902  0415 1927  0427 1925  0457 1854  0529 1804  0601 1713  0638 1632  0710 1620
14  0716 1644  0648 1722  0605 1756  0512 1830  0432 1903  0415 1927  0428 1925  0458 1852  0530 1802  0602 1711  0639 1631  0710 1620
15  0716 1645  0647 1724  0603 1757  0511 1832  0431 1904  0415 1927  0429 1924  0459 1851  0531 1800  0603 1709  0640 1630  0711 1621
16  0715 1646  0645 1725  0601 1758  0509 1833  0430 1905  0415 1928  0430 1923  0500 1849  0532 1759  0604 1708  0641 1629  0712 1621
17  0715 1647  0644 1726  0559 1759  0508 1834  0429 1906  0415 1928  0430 1923  0501 1848  0533 1757  0605 1706  0643 1628  0713 1621
18  0714 1648  0642 1728  0558 1801  0506 1835  0428 1907  0415 1928  0431 1922  0502 1847  0534 1755  0606 1705  0644 1628  0713 1622
19  0714 1650  0641 1729  0556 1802  0504 1836  0427 1908  0415 1929  0432 1921  0503 1845  0535 1753  0607 1703  0645 1627  0714 1622
20  0713 1651  0640 1730  0554 1803  0503 1837  0426 1909  0416 1929  0433 1921  0504 1844  0536 1752  0609 1702  0646 1626  0714 1622
21  0713 1652  0638 1731  0553 1804  0501 1838  0425 1910  0416 1929  0434 1920  0505 1842  0537 1750  0610 1700  0647 1626  0715 1623
22  0712 1653  0637 1732  0551 1805  0500 1839  0425 1911  0416 1929  0435 1919  0506 1840  0538 1748  0611 1659  0649 1625  0715 1623
23  0711 1654  0635 1734  0549 1806  0458 1840  0424 1912  0416 1930  0436 1918  0507 1839  0539 1746  0612 1657  0650 1624  0716 1624
24  0710 1656  0634 1735  0547 1807  0457 1841  0423 1913  0416 1930  0437 1917  0508 1837  0540 1745  0613 1656  0651 1624  0716 1624
25  0710 1657  0632 1736  0546 1808  0456 1843  0422 1913  0417 1930  0438 1916  0509 1836  0541 1743  0615 1655  0652 1623  0717 1625
26  0709 1658  0631 1737  0544 1809  0454 1844  0422 1914  0417 1930  0439 1915  0510 1834  0542 1741  0616 1653  0653 1623  0717 1626
27  0708 1659  0629 1739  0542 1811  0453 1845  0421 1915  0418 1930  0440 1914  0511 1833  0543 1739  0617 1652  0654 1622  0717 1626
28  0707 1701  0627 1740  0541 1812  0451 1846  0420 1916  0418 1930  0440 1913  0512 1831  0544 1738  0618 1650  0655 1622  0718 1627
29  0706 1702             0539 1813  0450 1847  0420 1917  0418 1930  0441 1912  0513 1829  0545 1736  0619 1649  0656 1621  0718 1628
30  0705 1703             0537 1814  0449 1848  0419 1918  0419 1930  0442 1911  0514 1828  0546 1734  0621 1648  0658 1621  0718 1629
31  0704 1705             0536 1815             0419 1918             0443 1910  0515 1826             0622 1646             0718 1629

                                             Add one hour for daylight time, if and when in use.