             o  ,    o  ,                                  CHICAGO, ILLINOIS                           Astronomical Applications Dept.
Location: W087 41, N41 51                          Rise and Set for the Sun for 2008                   U. S. Naval Observatory        
                                                                                                       Washington, DC  20392-5420     
                                                         Central Standard Time                                                        
                                                                                                                                      
                                                                                                                                      
       Jan.       Feb.       Mar.       Apr.       May        June       July       Aug.       Sept.      Oct.       Nov.       Dec.  
Day Rise  Set  Rise  Set  Rise  Set  Rise  Set  Rise  Set  Rise  Set  Rise  Set  Rise  Set  Rise  Set  Rise  Set  Rise  Set  Rise  Set
     h m  h m   h m  h m   h m  h m   h m  h m   h m  h m   h m  h m   h m  h m   h m  h m   h m  h m   h m  h m   h m  h m   h m  h m
01  0718 1630  0704 1705  0625 1742  0533 1817  0446 1850  0418 1920  0420 1929  0445 1908  0517 1823  0548 1732  0624 1644  0659 1621
02  0718 1631  0703 1707  0623 1743  0531 1818  0445 1851  0418 1920  0420 1929  0446 1907  0518 1822  0549 1730  0625 1643  0700 1620
03  0718 1632  0702 1708  0622 1744  0529 1819  0444 1852  0417 1921  0421 1929  0447 1906  0519 1820  0550 1728  0626 1642  0701 1620
04  0718 1633  0701 1709  0620 1745  0528 1820  0443 1853  0417 1922  0421 1929  0448 1905  0520 1818  0551 1726  0627 1641  0702 1620
05  0718 1634  0659 1710  0618 1746  0526 1821  0441 1854  0416 1922  0422 1929  0449 1904  0521 1817  0552 1725  0629 1640  0703 1620
06  0718 1635  0658 1712  0617 1748  0524 1822  0440 1855  0416 1923  0423 1928  0450 1902  0522 1815  0554 1723  0630 1638  0704 1620
07  0718 1636  0657 1713  0615 1749  0523 1823  0439 1856  0416 1924  0423 1928  0451 1901  0523 1813  0555 1721  0631 1637  0705 1620
08  0718 1637  0656 1714  0614 1750  0521 1824  0438 1857  0416 1924  0424 1927  0452 1900  0524 1811  0556 1720  0632 1636  0706 1620
09  0718 1638  0655 1716  0612 1751  0519 1826  0437 1858  0415 1925  0425 1927  0453 1858  0525 1810  0557 1718  0634 1635  0707 1620
10  0718 1639  0654 1717  0610 1752  0518 1827  0435 1859  0415 1925  0425 1927  0454 1857  0526 1808  0558 1716  0635 1634  0708 1620
11  0717 1640  0652 1718  0609 1753  0516 1828  0434 1900  0415 1926  0426 1926  0455 1856  0527 1806  0559 1715  0636 1633  0709 1620
12  0717 1641  0651 1719  0607 1754  0515 1829  0433 1901  0415 1926  0427 1926  0456 1854  0528 1805  0600 1713  0637 1632  0709 1620
13  0717 1642  0650 1721  0605 1756  0513 1830  0432 1903  0415 1927  0428 1925  0457 1853  0529 1803  0601 1712  0638 1631  0710 1620
14  0716 1643  0648 1722  0603 1757  0511 1831  0431 1904  0415 1927  0428 1924  0458 1852  0530 1801  0602 1710  0640 1630  0711 1620
15  0716 1644  0647 1723  0602 1758  0510 1832  0430 1905  0415 1928  0429 1924  0459 1850  0531 1759  0604 1708  0641 1630  0712 1621
16  0716 1646  0646 1725  0600 1759  0508 1833  0429 1906  0415 1928  0430 1923  0500 1849  0532 1758  0605 1707  0642 1629  0712 1621
17  0715 1647  0644 1726  0558 1800  0507 1834  0428 1907  0415 1928  0431 1922  0501 1847  0533 1756  0606 1705  0643 1628  0713 1621
18  0715 1648  0643 1727  0557 1801  0505 1836  0427 1907  0415 1929  0432 1922  0502 1846  0534 1754  0607 1704  0644 1627  0713 1622
19  0714 1649  0642 1728  0555 1802  0504 1837  0427 1908  0415 1929  0433 1921  0504 1844  0535 1752  0608 1702  0646 1626  0714 1622
20  0713 1650  0640 1729  0553 1803  0502 1838  0426 1909  0416 1929  0434 1920  0505 1843  0537 1751  0609 1701  0647 1626  0715 1623
21  0713 1651  0639 1731  0552 1805  0501 1839  0425 1910  0416 1929  0434 1919  0506 1841  0538 1749  0610 1659  0648 1625  0715 1623
22  0712 1653  0637 1732  0550 1806  0459 1840  0424 1911  0416 1930  0435 1918  0507 1840  0539 1747  0612 1658  0649 1624  0716 1624
23  0711 1654  0636 1733  0548 1807  0458 1841  0423 1912  0416 1930  0436 1918  0508 1838  0540 1745  0613 1656  0650 1624  0716 1624
24  0711 1655  0634 1734  0546 1808  0456 1842  0423 1913  0417 1930  0437 1917  0509 1836  0541 1744  0614 1655  0652 1623  0716 1625
25  0710 1656  0633 1736  0545 1809  0455 1843  0422 1914  0417 1930  0438 1916  0510 1835  0542 1742  0615 1654  0653 1623  0717 1625
26  0709 1658  0631 1737  0543 1810  0453 1844  0421 1915  0417 1930  0439 1915  0511 1833  0543 1740  0616 1652  0654 1622  0717 1626
27  0708 1659  0630 1738  0541 1811  0452 1845  0421 1916  0418 1930  0440 1914  0512 1832  0544 1738  0618 1651  0655 1622  0717 1627
28  0707 1700  0628 1739  0540 1812  0450 1847  0420 1917  0418 1930  0441 1913  0513 1830  0545 1737  0619 1650  0656 1621  0718 1628
29  0707 1701  0626 1740  0538 1813  0449 1848  0419 1917  0419 1930  0442 1912  0514 1828  0546 1735  0620 1648  0657 1621  0718 1628
30  0706 1703             0536 1815  0448 1849  0419 1918  0419 1930  0443 1911  0515 1827  0547 1733  0621 1647  0658 1621  0718 1629
31  0705 1704             0534 1816             0418 1919             0444 1909  0516 1825             0622 1646             0718 1630

                                             Add one hour for daylight time, if and when in use.

Back to form