0
0
0
0
0
0
0
0
0.0947777205745
0.483130050326
0.671549563666
0.75508597292
0.779248427449
0.75508597292
0.671549563666
0.483130050326
0.0947777205745
0
0
0
0
0
0
0
0
0
0
0
0
0
0
0
0.0977344339605
0.485560078806
0.673202667365
0.756418895973
0.780493402927
0.756418895973
0.673202667365
0.485560078806
0.0977344339605
0
0
0
0
0
0
0
0
0
0
0
0
0
0
0
0.1009625838
0.488179595795
0.6749847184
0.757856073506
0.781835844603
0.757856073506
0.6749847184
0.488179595795
0.1009625838
0
0
0
0
0
0
0
0
0
0
0
0
0
0
0
0.104465303183
0.490984511663
0.676892965036
0.759395351654
0.783273761199
0.759395351654
0.676892965036
0.490984511663
0.104465303183
0
0
0
0
0
0
0
0
0
0
0
0
0
0
0
0.108245369616
0.493970475441
0.678924486591
0.761034443763
0.784805038378
0.761034443763
0.678924486591
0.493970475441
0.108245369616
0
0
0
0
0
0
0
0
0
0
0
0
0
0
0
0.112305105619
0.497132887957
0.681076203162
0.762770937871
0.78642744559
0.762770937871
0.681076203162
0.497132887957
0.112305105619
0
0
0
0
0
0
0
0
0
0
0
0
0
0
0
0.116646284364
0.500466915755
0.683344885755
0.764602304479
0.788138643201
0.764602304479
0.683344885755
0.500466915755
0.116646284364
0
0
0
0
0
0
0
0
0
0
0
0
0
0
0
0.121270042265
0.503967505757
0.685727166755
0.766525904589
0.789936189854
0.766525904589
0.685727166755
0.503967505757
0.121270042265
0
0
0
0
0
0
0
0
0
0
0
0
0
0
0
0.126176800236
0.507629400587
0.68821955069
0.768538997954
0.791817550034
0.768538997954
0.68821955069
0.507629400587
0.126176800236
0
0
0
0
0
0
0
0
0
0
0
0
0
0
0
0.131366195144
0.511447154506
0.690818425227
0.770638751497
0.793780101782
0.770638751497
0.690818425227
0.511447154506
0.131366195144
0
0
0
0
0
0
0
0
0
0
0
0
0
0
0
0.136837022714
0.515415149867
0.693520072332
0.77282224786
0.795821144532
0.77282224786
0.693520072332
0.515415149867
0.136837022714
0
0
0
0
0
0
0
0
0
0
0
0
0
0
0
0.14258719288
0.519527614013
0.696320679555
0.775086494035
0.797937907026
0.775086494035
0.696320679555
0.519527614013
0.14258719288
0
0
0
0
0
0
0
0
0
0
0
0
0
0
0
0.148613698227
0.523778636537
0.699216351365
0.77742843003
0.800127555261
0.77742843003
0.699216351365
0.523778636537
0.148613698227
0
0
0
0
0
0
0
0
0
0
0
0
0
0
0
0.154912595891
0.528162186805
0.702203120488
0.77984493754
0.802387200442
0.77984493754
0.702203120488
0.528162186805
0.154912595891
0
0
0
0
0
0
0
0
0
0
0
0
0
0
0
0.16147900292
0.532672131646
0.705276959195
0.782332848571
0.804713906897
0.782332848571
0.705276959195
0.532672131646
0.16147900292
0
0
0
0
0
0
0
0
0
0
0
0
0
0
0
0.168307104818
0.53730225312
0.708433790479
0.784888953984
0.807104699916
0.784888953984
0.708433790479
0.53730225312
0.168307104818
0
0
0
0
0
0
0
0
0
0
0
0
0
0
0
0.17539017669
0.542046266265
0.711669499076
0.787510011925
0.809556573494
0.787510011925
0.711669499076
0.542046266265
0.17539017669
0
0
0
0
0
0
0
0
0
0
0
0
0
0
0
0.182720616162
0.546897836719
0.714979942291
0.790192756091
0.812066497925
0.790192756091
0.714979942291
0.546897836719
0.182720616162
0
0
0
0
0
0
0
0
0
0
0
0
0
0
0
0.190289987025
0.551850598132
0.71836096056
0.792933903822
0.81463142724
0.792933903822
0.71836096056
0.551850598132
0.190289987025
0
0
0
0
0
0
0
0
0
0
0
0
0
0
0
0.198089072381
0.556898169267
0.721808387733
0.795730163974
0.817248306441
0.795730163974
0.721808387733
0.556898169267
0.198089072381
0
0
0
0
0
0
0
0
0
0
0
0
0
0
0
0.206107935957
0.562034170711
0.725318061025
0.79857824454
0.819914078523
0.79857824454
0.725318061025
0.562034170711
0.206107935957
0
0
0
0
0
0
0
0
0
0
0
0
0
0
0
0.21433599013
0.567252241105
0.728885830605
0.801474860017
0.82262569125
0.801474860017
0.728885830605
0.567252241105
0.21433599013
0
0
0
0
0
0
0
0
0
0
0
0
0
0
0
0.222762069237
0.572546052815
0.732507568786
0.80441673847
0.825380103673
0.80441673847
0.732507568786
0.572546052815
0.222762069237
0
0
0
0
0
0
0
0
0
0
0
0
0
0
0
0.23137450667
0.577909326985
0.7361791788
0.80740062829
0.828174292359
0.80740062829
0.7361791788
0.577909326985
0.23137450667
0
0
0
0
0
0
0
0
0
0
0
0
0
0
0
0.240161214362
0.583335847891
0.739896603126
0.81042330463
0.831005257332
0.81042330463
0.739896603126
0.583335847891
0.240161214362
0
0
0
0
0
0
0
0
0
0
0
0
0
0
0
0.249109763312
0.588819476557
0.743655831352
0.813481575488
0.833870027706
0.813481575488
0.743655831352
0.588819476557
0.249109763312
0
0
0
0
0
0
0
0
0
0
0
0
0
0
0
0.258207463898
0.594354163573
0.747452907563
0.816572287452
0.836765666992
0.816572287452
0.747452907563
0.594354163573
0.258207463898
0
0
0
0
0
0
0
0
0
0
0
0
0
0
0
0.267441444842
0.599933961079
0.75128393723
0.819692331073
0.839689278088
0.819692331073
0.75128393723
0.599933961079
0.267441444842
0
0
0
0
0
0
0
0
0
0
0
0
0
0
0
0.276798729846
0.605553033893
0.75514509361
0.822838645878
0.842638007926
0.822838645878
0.75514509361
0.605553033893
0.276798729846
0
0
0
0
0
0
0
0
0
0
0
0
0
0
0
0.286266311022
0.611205669738
0.759032623629
0.826008225005
0.84560905179
0.826008225005
0.759032623629
0.611205669738
0.286266311022
0
0
0
0
0
0
0
0
0
0
0
0
0
0
0
0.295831218409
0.61688628858
0.762942853273
0.829198119477
0.848599657296
0.829198119477
0.762942853273
0.61688628858
0.295831218409
0
0
0
0
0
0
0
0
0
0
0
0
0
0
0
0.305480584999
0.622589451051
0.766872192464
0.832405442093
0.851607128033
0.832405442093
0.766872192464
0.622589451051
0.305480584999
0
0
0
0
0
0
0
0
0
0
0
0
0
0
0
0.315201706838
0.628309865958
0.770817139443
0.835627370959
0.854628826865
0.835627370959
0.770817139443
0.628309865958
0.315201706838
0
0
0
0
0
0
0
0
0
0
0
0
0
0
0
0.324982097893
0.634042396903
0.774774284661
0.838861152655
0.857662178918
0.838861152655
0.774774284661
0.634042396903
0.324982097893
0
0
0
0
0
0
0
0
0
0
0
0
0
0
0
0.334809539479
0.639782067998
0.778740314187
0.84210410504
0.860704674219
0.84210410504
0.778740314187
0.639782067998
0.334809539479
0
0
0
0
0
0
0
0
0
0
0
0
0
0
8.83040741027e-48
0.344672124192
0.645524068721
0.782712012647
0.845353619716
0.863753870043
0.845353619716
0.782712012647
0.645524068721
0.344672124192
8.83040741027e-48
0
0
0
0
0
0
0
0
0
0
0
0
0
5.13065161583e-19
0.354558294331
0.651263757924
0.786686265706
0.848607164149
0.866807392927
0.848607164149
0.786686265706
0.651263757924
0.354558294331
5.13065161583e-19
0
0
0
0
0
0
0
0
0
0
0
0
0
5.71839827239e-12
0.364456874915
0.656996667024
0.790660062114
0.851862283462
0.869862940403
0.851862283462
0.790660062114
0.656996667024
0.364456874915
5.71839827239e-12
0
0
0
0
0
0
0
0
0
0
0
0
0
8.71463277834e-09
0.374357101459
0.66271850241
0.794630495327
0.855116601915
0.872918282431
0.855116601915
0.794630495327
0.66271850241
0.374357101459
8.71463277834e-09
0
0
0
0
0
0
0
0
0
0
0
0
0
5.65561910866e-07
0.384248642718
0.668425147105
0.798594764726
0.858367824076
0.875971262559
0.858367824076
0.798594764726
0.668425147105
0.384248642718
5.65561910866e-07
0
0
0
0
0
0
0
0
0
0
0
0
0
8.35439765135e-06
0.394121618668
0.674112661713
0.80255017645
0.861613735709
0.879019798813
0.861613735709
0.80255017645
0.674112661713
0.394121618668
8.35439765135e-06
0
0
0
0
0
0
0
0
0
0
0
0
0
5.47764048805e-05
0.403966614017
0.67977728471
0.80649414387
0.864852204386
0.882061884343
0.864852204386
0.80649414387
0.67977728471
0.403966614017
5.47764048805e-05
0
0
0
0
0
0
0
0
0
0
0
0
0
0.000219222927074
0.413774687573
0.6854154321
0.810424187715
0.868081179831
0.885095587816
0.868081179831
0.810424187715
0.6854154321
0.413774687573
0.000219222927074
0
0
0
0
0
0
0
0
0
0
0
0
0
0.000635581069096
0.423537377784
0.691023696493
0.814337935885
0.871298694026
0.888119053597
0.871298694026
0.814337935885
0.691023696493
0.423537377784
0.000635581069096
0
0
0
0
0
0
0
0
0
0
0
0
0
0.00147568489401
0.433246704822
0.696598845651
0.818233122957
0.874502861088
0.891130501703
0.874502861088
0.818233122957
0.696598845651
0.433246704822
0.00147568489401
0
0
0
0
0
0
0
0
0
0
0
0
0
0.00292107380455
0.442895169527
0.702137820531
0.822107589416
0.877691876919
0.89412822757
0.877691876919
0.822107589416
0.702137820531
0.442895169527
0.00292107380455
0
0
0
0
0
0
0
0
0
0
0
0
0
0.00513653173605
0.452475749559
0.707637732893
0.825959280638
0.880864018674
0.897110601628
0.880864018674
0.825959280638
0.707637732893
0.452475749559
0.00513653173605
0
0
0
0
0
0
0
0
0
0
0
0
0
0.00825244262994
0.46198189309
0.713095862489
0.829786245624
0.884017644029
0.900076068704
0.884017644029
0.829786245624
0.713095862489
0.46198189309
0.00825244262994
0
0
0
0
0
0
0
0
0
0
0
0
0
0.0123568871854
0.471407510345
0.7185096539
0.833586635538
0.887151190284
0.903023147274
0.887151190284
0.833586635538
0.7185096539
0.471407510345
0.0123568871854
0
0
0
0
0
0
0
0
0
0
0
0
0
0.0174953288211
0.480746963296
0.723876713048
0.837358702035
0.89026317332
0.905950428556
0.89026317332
0.837358702035
0.723876713048
0.480746963296
0.0174953288211
0
0
0
0
0
0
0
0
0
0
0
0
0
0.0236750249705
0.489995053782
0.729194803423
0.84110079543
0.8933521864
0.908856575491
0.8933521864
0.84110079543
0.729194803423
0.489995053782
0.0236750249705
0
0
0
0
0
0
0
0
0
0
0
0
0
0.0308717286597
0.499147010335
0.73446184207
0.844811362706
0.896416898855
0.911740321585
0.896416898855
0.844811362706
0.73446184207
0.499147010335
0.0308717286597
0
0
0
0
0
0
0
0
0
0
0
0
0
0.0390369926993
0.508198473933
0.739675895371
0.848488945388
0.899456054654
0.914600469655
0.899456054654
0.848488945388
0.739675895371
0.508198473933
0.0390369926993
0
0
0
0
0
0
0
0
0
0
0
0
0
0.0481050728455
0.517145482924
0.744835174645
0.8521321773
0.902468470873
0.917435890482
0.902468470873
0.8521321773
0.744835174645
0.517145482924
0.0481050728455
0
0
0
0
0
0
0
0
0
0
0
0
0
0.0579989298026
0.5259844573
0.74993803162
0.855739782222
0.905453036073
0.920245521369
0.905453036073
0.855739782222
0.74993803162
0.5259844573
0.0579989298026
0
0
0
0
0
0
0
0
0
0
0
0
0
0.068635155265
0.53471218253
0.754982953784
0.859310571463
0.908408708611
0.923028364635
0.908408708611
0.859310571463
0.754982953784
0.53471218253
0.068635155265
0
0
0
0
0
0
0
0
0
0
0
0
0
0.0799278353938
0.543325793095
0.759968559661
0.86284344136
0.911334514878
0.925783486046
0.911334514878
0.86284344136
0.759968559661
0.543325793095
0.0799278353938
0
0
0
0
0
0
0
0
0
0
0
0
0
0.0917914604246
0.551822755873
0.764893594026
0.866337370724
0.914229547485
0.928510013187
0.914229547485
0.866337370724
0.764893594026
0.551822755873
0.0917914604246
0
0
0
0
0
0
0
0
0
0
0
0
0
0.104143026881
0.560200853514
0.769756923095
0.869791418251
0.917092963408
0.931207133794
0.917092963408
0.869791418251
0.769756923095
0.560200853514
0.104143026881
0
0
0
0
0
0
0
0
0
0
0
0
0
0.116903483887
0.568458167903
0.774557529699
0.873204719886
0.919923982096
0.933874094055
0.919923982096
0.873204719886
0.774557529699
0.568458167903
0.116903483887
0
0
0
0
0
0
0
0
0
0
0
0
0
0.129998663307
0.576593063808
0.779294508472
0.876576486189
0.922721883556
0.936510196871
0.922721883556
0.876576486189
0.779294508472
0.576593063808
0.129998663307
0
0
0
0
0
0
0
0
0
0
0
0
0
0.143359814494
0.584604172812
0.783967061071
0.879905999674
0.925486006413
0.939114800116
0.925486006413
0.879905999674
0.783967061071
0.584604172812
0.143359814494
0
0
0
0
0
0
0
0
0
0
0
0
0
0.156923843766
0.592490377569
0.788574491434
0.883192612166
0.92821574597
0.941687314867
0.92821574597
0.883192612166
0.788574491434
0.592490377569
0.156923843766
0
0
0
0
0
0
0
0
0
0
0
0
0
0.170633339139
0.600250796469
0.793116201102
0.886435742158
0.930910552262
0.944227203638
0.930910552262
0.886435742158
0.793116201102
0.600250796469
0.170633339139
0
0
0
0
0
0
0
0
0
0
0
0
0
0.1844364436
0.607884768746
0.797591684617
0.88963487219
0.933569928106
0.946733978613
0.933569928106
0.88963487219
0.797591684617
0.607884768746
0.1844364436
0
0
0
0
0
0
0
0
0
0
0
0
0
0.198286625724
0.615391840064
0.802000525
0.892789546253
0.936193427172
0.949207199881
0.936193427172
0.892789546253
0.802000525
0.615391840064
0.198286625724
0
0
0
0
0
0
0
0
0
0
0
0
0
0.212142384598
0.62277174862
0.80634238932
0.89589936723
0.93878065206
0.951646473686
0.93878065206
0.89589936723
0.80634238932
0.62277174862
0.212142384598
0
0
0
0
0
0
0
0
0
0
0
0
0
0.225966916595
0.630024411772
0.810617024374
0.898963994365
0.941331252403
0.95405145069
0.941331252403
0.898963994365
0.810617024374
0.630024411772
0.225966916595
0
0
0
0
0
0
0
0
0
0
0
0
0
0.239727764133
0.637149913221
0.814824252472
0.901983140791
0.943844922984
0.956421824253
0.943844922984
0.901983140791
0.814824252472
0.637149913221
0.239727764133
0
0
0
0
0
0
0
0
0
0
0
0
0
0.253396460873
0.644148490746
0.818963967334
0.904956571085
0.946321401897
0.958757328741
0.946321401897
0.904956571085
0.818963967334
0.644148490746
0.253396460873
0
0
0
0
0
0
0
0
0
0
0
0
0
0.266948183408
0.651020524495
0.82303613011
0.907884098898
0.94876046872
0.961057737854
0.94876046872
0.907884098898
0.82303613011
0.651020524495
0.266948183408
0
0
0
0
0
0
0
0
0
0
0
0
0
0.280361416256
0.65776652584
0.827040765531
0.910765584618
0.951161942737
0.963322862992
0.951161942737
0.910765584618
0.827040765531
0.65776652584
0.280361416256
0
0
0
0
0
0
0
0
0
0
0
0
0
0.293617634478
0.664387126782
0.83097795817
0.913600933107
0.953525681191
0.96555255164
0.953525681191
0.913600933107
0.83097795817
0.664387126782
0.293617634478
0
0
0
0
0
0
0
0
0
0
0
0
0
0.306701006466
0.670883069903
0.834847848852
0.91639009149
0.955851577572
0.967746685799
0.955851577572
0.91639009149
0.834847848852
0.670883069903
0.306701006466
0
0
0
0
0
0
0
0
0
0
0
0
0
0.319598118135
0.677255198856
0.838650631175
0.919133047005
0.958139559955
0.969905180444
0.958139559955
0.919133047005
0.838650631175
0.677255198856
0.319598118135
0
0
0
0
0
0
0
0
0
0
0
0
0
0.332297718824
0.683504449375
0.842386548174
0.921829824925
0.960389589372
0.972027982026
0.960389589372
0.921829824925
0.842386548174
0.683504449375
0.332297718824
0
0
0
0
0
0
0
0
0
0
0
0
0
0.34479048855
0.689631840797
0.846055889108
0.924480486532
0.962601658233
0.974115067004
0.962601658233
0.924480486532
0.846055889108
0.689631840797
0.34479048855
0
0
0
0
0
0
0
0
0
0
0
0
0
0.357068825855
0.695638468077
0.849658986383
0.927085127166
0.964775788787
0.976166440426
0.964775788787
0.927085127166
0.849658986383
0.695638468077
0.357068825855
0
0
0
0
0
0
0
0
0
0
0
0
0
0.369126655184
0.701525494277
0.853196212593
0.929643874332
0.96691203163
0.978182134543
0.96691203163
0.929643874332
0.853196212593
0.701525494277
0.369126655184
0
0
0
0
0
0
0
0
0
0
0
0
0
0.380959252567
0.707294143516
0.856667977697
0.932156885881
0.969010464264
0.980162207463
0.969010464264
0.932156885881
0.856667977697
0.707294143516
0.380959252567
0
0
0
0
0
0
0
0
0
0
0
0
0
0.39256308833
0.712945694361
0.860074726316
0.934624348247
0.971071189693
0.982106741857
0.971071189693
0.934624348247
0.860074726316
0.712945694361
0.39256308833
0
0
0
0
0
0
0
0
0
0
0
0
7.75767256275e-23
0.403935685485
0.718481473636
0.863416935149
0.937046474752
0.973094335067
0.98401584369
0.973094335067
0.937046474752
0.863416935149
0.718481473636
0.403935685485
7.75767256275e-23
0
0
0
0
0
0
0
0
0
0
0
7.75486914946e-12
0.415075492523
0.723902850644
0.866695110514
0.939423503979
0.97508005038
0.985889641005
0.97508005038
0.939423503979
0.866695110514
0.723902850644
0.415075492523
7.75486914946e-12
0
0
0
0
0
0
0
0
0
0
0
4.05346515184e-08
0.425981769339
0.729211231758
0.869909786003
0.941755698204
0.977028507203
0.987728282747
0.977028507203
0.941755698204
0.869909786003
0.729211231758
0.425981769339
4.05346515184e-08
0
0
0
0
0
0
0
0
0
0
0
2.99434159482e-06
0.4366544851
0.734408055396
0.873061520244
0.944043341891
0.978939897468
0.989531937618
0.978939897468
0.944043341891
0.873061520244
0.734408055396
0.4366544851
2.99434159482e-06
0
0
0
0
0
0
0
0
0
0
0
3.98183519077e-05
0.447094226938
0.73949478733
0.876150894786
0.946286740246
0.980814432293
0.991300792987
0.980814432293
0.946286740246
0.876150894786
0.73949478733
0.447094226938
3.98183519077e-05
0
0
0
0
0
0
0
0
0
0
0
0.000223965133812
0.457302118427
0.744472916327
0.879178512076
0.948486217838
0.982652340857
0.993035053827
0.982652340857
0.948486217838
0.879178512076
0.744472916327
0.457302118427
0.000223965133812
0
0
0
0
0
0
0
0
0
0
0
0.000769572163676
0.467279746887
0.749343950113
0.882144993545
0.950642117268
0.984453869307
0.994734941697
0.984453869307
0.950642117268
0.882144993545
0.749343950113
0.467279746887
0.000769572163676
0
0
0
0
0
0
0
0
0
0
0
0.00194237732442
0.477029098627
0.754109411613
0.885050977801
0.952754797904
0.986219279722
0.99640069376
0.986219279722
0.952754797904
0.885050977801
0.754109411613
0.477029098627
0.00194237732442
0
0
0
0
0
0
0
0
0
0
0
0.00399012963347
0.486552501331
0.758770835487
0.887897118901
0.954824634666
0.987948849103
0.998032561842
0.987948849103
0.954824634666
0.887897118901
0.758770835487
0.486552501331
0.00399012963347
0
0
0
0
0
0
0
0
0
0
0
0.00709545536305
0.495852572855
0.763329764919
0.890684084727
0.956852016867
0.989642868414
0.999630811525
0.989642868414
0.956852016867
0.890684084727
0.763329764919
0.495852572855
0.00709545536305
0
0
0
0
0
0
0
0
0
0
0
0.0113597386783
0.504932175763
0.767787748651
0.893412555451
0.958837347105
0.991301641656
1.00119572127
0.991301641656
0.958837347105
0.893412555451
0.767787748651
0.504932175763
0.0113597386783
0
0
0
0
0
0
0
0
0
0
0
0.0168085921064
0.513794377016
0.772146338259
0.896083222077
0.960781040203
0.992925484982
1.00272758159
0.992925484982
0.960781040203
0.896083222077
0.772146338259
0.513794377016
0.0168085921064
0
0
0
0
0
0
0
0
0
0
0
0.0234074212598
0.522442412262
0.776407085632
0.898696785066
0.962683522204
0.994514725848
1.00422669424
0.994514725848
0.962683522204
0.898696785066
0.776407085632
0.522442412262
0.0234074212598
0
0
0
0
0
0
0
0
0
0
0
0.0310792196492
0.530879654246
0.78057154067
0.901253953046
0.964545229407
0.996069702197
1.00569337143
0.996069702197
0.964545229407
0.901253953046
0.78057154067
0.530879654246
0.0310792196492
0
0
0
0
0
0
0
0
0
0
0
0.0397205665792
0.539109584896
0.784641249161
0.903755441586
0.966366607447
0.997590761683
1.00712793514
0.997590761683
0.966366607447
0.903755441586
0.784641249161
0.539109584896
0.0397205665792
0
0
0
0
0
0
0
0
0
0
0
0.0492143520441
0.547135770699
0.788617750843
0.906201972044
0.968148110426
0.999078260918
1.00853071635
0.999078260918
0.968148110426
0.906201972044
0.788617750843
0.547135770699
0.0492143520441
0
0
0
0
0
0
0
0
0
0
0
0.0594391070182
0.55496184101
0.792502577631
0.908594270487
0.969890200074
1.00053256477
1.00990205437
1.00053256477
0.969890200074
0.908594270487
0.792502577631
0.55496184101
0.0594391070182
0
0
0
0
0
0
0
0
0
0
0
0.0702753998809
0.56259146897
0.796297251998
0.910933066666
0.971593344963
1.00195404565
1.01124229623
1.00195404565
0.971593344963
0.910933066666
0.796297251998
0.56259146897
0.0702753998809
0
0
0
0
0
0
0
0
0
0
0
0.0816099256384
0.570028354764
0.800003285502
0.913219093056
0.973258019743
1.0033430829
1.012551796
1.0033430829
0.973258019743
0.913219093056
0.800003285502
0.570028354764
0.0816099256384
0
0
0
0
0
0
0
0
0
0
0
0.0933378874758
0.577276210954
0.80362217745
0.915453083956
0.974884704432
1.00470006213
1.01383091425
1.00470006213
0.974884704432
0.915453083956
0.80362217745
0.577276210954
0.0933378874758
0
0
0
0
0
0
0
0
0
0
0
0.105364171195
0.584338749662
0.807155413682
0.917635774638
0.976473883724
1.00602537463
1.0150800174
1.00602537463
0.976473883724
0.917635774638
0.807155413682
0.584338749662
0.105364171195
0
0
0
0
0
0
0
0
0
0
0
0.117603700889
0.591219671401
0.810604465474
0.91976790055
0.97802604634
1.0073194168
1.01629947725
1.0073194168
0.97802604634
0.91976790055
0.810604465474
0.591219671401
0.117603700889
0
0
0
0
0
0
0
0
0
0
0
0.129981263342
0.59792265537
0.813970788554
0.921850196566
0.979541684409
1.00858258957
1.01748967038
1.00858258957
0.979541684409
0.921850196566
0.813970788554
0.59792265537
0.129981263342
0
0
0
0
0
0
0
0
0
0
0
0.142431006784
0.604451351053
0.817255822202
0.923883396286
0.981021292872
1.00981529794
1.01865097769
1.00981529794
0.981021292872
0.923883396286
0.817255822202
0.604451351053
0.142431006784
0
0
0
0
0
0
0
0
0
0
0
0.154895756994
0.61080937098
0.820460988463
0.925868231371
0.982465368924
1.01101795038
1.01978378389
1.01101795038
0.982465368924
0.925868231371
0.820460988463
0.61080937098
0.154895756994
0
0
0
0
0
0
0
0
0
0
0
0.167326247457
0.617000284504
0.823587691429
0.927805430928
0.983874411475
1.01219095843
1.02088847704
1.01219095843
0.983874411475
0.927805430928
0.823587691429
0.617000284504
0.167326247457
0
0
0
0
0
0
0
0
0
0
0
0.179680327072
0.623027612501
0.826637316604
0.929695720925
0.985248920636
1.01333473618
1.02196544809
1.01333473618
0.985248920636
0.929695720925
0.826637316604
0.623027612501
0.179680327072
0
0
0
0
0
0
0
0
0
0
0
0.191922185532
0.628894822873
0.829611230346
0.931539823645
0.986589397235
1.01444969986
1.02301509046
1.01444969986
0.986589397235
0.931539823645
0.829611230346
0.628894822873
0.191922185532
0
0
0
0
0
0
0
0
0
0
0
0.204021620336
0.634605326765
0.832510779367
0.933338457175
0.987896342351
1.01553626736
1.02403779962
1.01553626736
0.987896342351
0.933338457175
0.832510779367
0.634605326765
0.204021620336
0
0
0
0
0
0
0
0
0
0
0
0.215953358496
0.640162475419
0.835337290303
0.935092334922
0.989170256864
1.01659485789
1.02503397266
1.01659485789
0.989170256864
0.935092334922
0.835337290303
0.640162475419
0.215953358496
0
0
0
0
0
0
0
0
0
0
0
0.227696438721
0.645569557583
0.838092069328
0.936802165162
0.990411641037
1.01762589151
1.02600400796
1.01762589151
0.990411641037
0.936802165162
0.838092069328
0.645569557583
0.227696438721
0
0
0
0
0
0
0
0
0
0
0
0.239233655218
0.650829797415
0.840776401832
0.938468650616
0.991620994104
1.01862978879
1.02694830475
1.01862978879
0.991620994104
0.938468650616
0.840776401832
0.650829797415
0.239233655218
0
0
0
0
0
0
0
0
0
0
0
0.250551061317
0.655946352819
0.843391552134
0.940092488047
0.992798813882
1.01960697044
1.02786726279
1.01960697044
0.992798813882
0.940092488047
0.843391552134
0.655946352819
0.250551061317
0
0
0
0
0
0
0
0
0
0
0
0.26163752944
0.660922314168
0.845938763248
0.941674367887
0.993945596398
1.02055785692
1.02876128203
1.02055785692
0.993945596398
0.941674367887
0.845938763248
0.660922314168
0.26163752944
0
0
0
0
0
0
0
0
0
0
0
0.272484363053
0.665760703355
0.848419256674
0.943214973879
0.995061835531
1.02148286812
1.02963076222
1.02148286812
0.995061835531
0.943214973879
0.848419256674
0.665760703355
0.272484363053
0
0
0
0
0
0
0
0
0
0
0
0.283084955822
0.670464473142
0.850834232235
0.944714982746
0.996148022667
1.02238242306
1.03047610262
1.02238242306
0.996148022667
0.944714982746
0.850834232235
0.670464473142
0.283084955822
0
0
0
0
0
0
0
0
0
0
0
0.293434493224
0.675036506765
0.853184867944
0.946175063874
0.997204646367
1.02325693948
1.03129770169
1.02325693948
0.997204646367
0.946175063874
0.853184867944
0.675036506765
0.293434493224
0
0
0
0
0
0
0
0
0
0
0
0.303529691978
0.679479617756
0.85547231989
0.947595879015
0.99823219205
1.0241068336
1.03209595673
1.0241068336
0.99823219205
0.947595879015
0.85547231989
0.679479617756
0.303529691978
0
0
0
0
0
0
0
0
0
0
0
0.313368573
0.683796549969
0.857697722163
0.948978082001
0.999231141684
1.02493251981
1.03287126365
1.02493251981
0.999231141684
0.948978082001
0.857697722163
0.683796549969
0.313368573
0
0
0
0
0
0
0
0
0
0
0
0.322950263894
0.687989977759
0.859862186787
0.950322318484
1.00020197349
1.02573441032
1.03362401659
1.02573441032
1.00020197349
0.950322318484
0.859862186787
0.687989977759
0.322950263894
0
0
0
0
0
0
0
0
0
0
0
0.332274827397
0.692062506318
0.861966803687
0.951629225675
1.00114516165
1.02651291492
1.0343546077
1.02651291492
1.00114516165
0.951629225675
0.861966803687
0.692062506318
0.332274827397
0
0
0
0
0
0
0
0
0
0
0
0.341343112558
0.696016672125
0.864012640662
0.952899432106
1.00206117603
1.0272684407
1.03506342684
1.0272684407
1.00206117603
0.952899432106
0.864012640662
0.696016672125
0.341343112558
0
0
0
0
0
0
0
0
0
0
0
0.350156625769
0.699854943503
0.866000743382
0.954133557402
1.00295048192
1.02800139173
1.03575086128
1.02800139173
1.00295048192
0.954133557402
0.866000743382
0.699854943503
0.350156625769
0
0
0
0
0
0
0
0
0
0
0
0.358717419129
0.703579721259
0.867932135394
0.955332212055
1.00381353975
1.02871216884
1.03641729547
1.02871216884
1.00381353975
0.955332212055
0.867932135394
0.703579721259
0.358717419129
0
0
0
0
0
0
0
0
0
0
0
0.367027993895
0.707193339408
0.86980781814
0.956495997223
1.00465080486
1.02940116933
1.03706311074
1.02940116933
1.00465080486
0.956495997223
0.86980781814
0.707193339408
0.367027993895
0
0
0
0
0
0
0
0
0
0
4.6508667054e-76
0.375091217066
0.710698065944
0.871628770991
0.957625504519
1.00546272723
1.03006878672
1.03768868506
1.03006878672
1.00546272723
0.957625504519
0.871628770991
0.710698065944
0.375091217066
4.6508667054e-76
0
0
0
0
0
0
0
0
0
1.05055424462e-22
0.382910249385
0.714096103668
0.873395951277
0.958721315828
1.00624975124
1.03071541048
1.0382943928
1.03071541048
1.00624975124
0.958721315828
0.873395951277
0.714096103668
0.382910249385
1.05055424462e-22
0
0
0
0
0
0
0
0
0
1.20799773618e-13
0.390488483261
0.717389591048
0.875110294341
0.959784003112
1.00701231546
1.03134142581
1.03888060443
1.03134142581
1.00701231546
0.959784003112
0.875110294341
0.717389591048
0.390488483261
1.20799773618e-13
0
0
0
0
0
0
0
0
0
6.68338721306e-10
0.397829489305
0.720580603116
0.876772713585
0.960814128236
1.00775085236
1.03194721338
1.03944768631
1.03194721338
1.00775085236
0.960814128236
0.876772713585
0.720580603116
0.397829489305
6.68338721306e-10
0
0
0
0
0
0
0
0
0
7.38269465595e-08
0.40493697034
0.723671152381
0.878384100529
0.961812242792
1.00846578814
1.03253314908
1.03999600045
1.03253314908
1.00846578814
0.961812242792
0.878384100529
0.723671152381
0.40493697034
7.38269465595e-08
0
0
0
0
0
0
0
0
0
1.42669230297e-06
0.411814721897
0.726663189753
0.879945324867
0.962778887933
1.00915754249
1.03309960379
1.04052590425
1.03309960379
1.00915754249
0.962778887933
0.879945324867
0.726663189753
0.411814721897
1.42669230297e-06
0
0
0
0
0
0
0
0
0
1.09062289778e-05
0.418466598345
0.729558605484
0.881457234537
0.963714594209
1.00982652835
1.03364694316
1.04103775027
1.03364694316
1.00982652835
0.963714594209
0.881457234537
0.729558605484
0.418466598345
1.09062289778e-05
0
0
0
0
0
0
0
0
0
4.8005110929e-05
0.424896483885
0.732359230109
0.882920655779
0.964619881407
1.01047315172
1.03417552736
1.041531886
1.03417552736
1.01047315172
0.964619881407
0.882920655779
0.732359230109
0.424896483885
4.8005110929e-05
0
0
0
0
0
0
0
0
0
0.000148134004411
0.431108267784
0.735066835375
0.884336393206
0.965495258401
1.01109781145
1.03468571084
1.04200865363
1.03468571084
1.01109781145
0.965495258401
0.884336393206
0.735066835375
0.431108267784
0.000148134004411
0
0
0
0
0
0
0
0
0
0.000358855509003
0.437105823265
0.737683135181
0.885705229867
0.966341223
1.01170089901
1.03517784217
1.04246838982
1.03517784217
1.01170089901
0.966341223
0.885705229867
0.737683135181
0.437105823265
0.000358855509003
0
0
0
0
0
0
0
0
0
0.000731710402084
0.442892989564
0.740209786496
0.887027927319
0.967158261796
1.0122827983
1.03565226375
1.04291142545
1.03565226375
1.0122827983
0.967158261796
0.887027927319
0.740209786496
0.442892989564
0.000731710402084
0
0
0
0
0
0
0
0
0
0.00131389689973
0.448473556741
0.742648390268
0.888305225691
0.96794685003
1.01284388547
1.0361093116
1.04333808545
1.0361093116
1.01284388547
0.96794685003
0.888305225691
0.742648390268
0.448473556741
0.00131389689973
0
0
0
0
0
0
0
0
0
0.00214239087437
0.453851252858
0.745000492318
0.889537843746
0.968707451445
1.01338452867
1.03654931519
1.04374868854
1.03654931519
1.01338452867
0.968707451445
0.889537843746
0.745000492318
0.453851252858
0.00214239087437
0
0
0
0
0
0
0
0
0
0.00324109397514
0.459029733209
0.747267584215
0.890726478953
0.969440518149
1.01390508792
1.0369725972
1.04414354704
1.0369725972
1.01390508792
0.969440518149
0.890726478953
0.747267584215
0.459029733209
0.00324109397514
0
0
0
0
0
0
0
0
0
0.0046204665081
0.464012571319
0.749451104135
0.891871807542
0.970146490485
1.01440591487
1.03737947329
1.04452296662
1.03737947329
1.01440591487
0.970146490485
0.891871807542
0.749451104135
0.464012571319
0.0046204665081
0
0
0
0
0
0
0
0
0
0.00627876888156
0.468803251477
0.751552437694
0.89297448457
0.970825796892
1.01488735265
1.03777025193
1.04488724613
1.03777025193
1.01488735265
0.970825796892
0.89297448457
0.751552437694
0.468803251477
0.00627876888156
0
0
0
0
0
0
0
0
0
0.0082041223957
0.473405162577
0.75357291876
0.894035143976
0.971478853782
1.01534973563
1.03814523419
1.04523667736
1.03814523419
1.01534973563
0.971478853782
0.894035143976
0.75357291876
0.473405162577
0.0082041223957
0
0
0
0
0
0
0
0
0
0.0103768240256
0.477821593094
0.755513830244
0.895054398638
0.97210606541
1.01579338932
1.03850471352
1.04557154487
1.03850471352
1.01579338932
0.97210606541
0.895054398638
0.755513830244
0.477821593094
0.0103768240256
0
0
0
0
0
0
0
0
0
0.01277156955
0.482055727026
0.757376404862
0.896032840426
0.972707823751
1.01621863012
1.03884897558
1.04589212577
1.03884897558
1.01621863012
0.972707823751
0.896032840426
0.757376404862
0.482055727026
0.01277156955
0
0
0
0
0
0
0
0
0
0.0153594065356
0.486110640678
0.759161825873
0.896971040254
0.973284508377
1.01662576519
1.03917829802
1.0461986895
1.03917829802
1.01662576519
0.973284508377
0.896971040254
0.759161825873
0.486110640678
0.0153594065356
0
0
0
0
0
0
0
0
0
0.0181093491423
0.48998930014
0.760871227793
0.897869548128
0.973836486338
1.01701509226
1.03949295034
1.0464914977
1.03949295034
1.01701509226
0.973836486338
0.897869548128
0.760871227793
0.48998930014
0.0181093491423
0
0
0
0
0
0
0
0
0
0.0209896519653
0.493694559382
0.762505697081
0.898728893189
0.974364112048
1.01738689946
1.03979319364
1.04677080395
1.03979319364
1.01738689946
0.974364112048
0.898728893189
0.762505697081
0.493694559382
0.0209896519653
0
0
0
0
0
0
0
0
0
0.0239687740991
0.497229158856
0.764066272795
0.899549583756
0.974867727169
1.01774146517
1.0400792805
1.04703685364
1.0400792805
1.01774146517
0.974867727169
0.899549583756
0.764066272795
0.497229158856
0.0239687740991
0
0
0
0
0
0
0
0
0
0.0270160788886
0.500595724528
0.765553947226
0.90033210737
0.975347660499
1.01807905788
1.04035145476
1.04728988377
1.04035145476
1.01807905788
0.975347660499
0.90033210737
0.765553947226
0.500595724528
0.0270160788886
0
0
0
0
0
0
0
0
0
0.030102317714
0.503796767275
0.766969666502
0.901076930823
0.975804227868
1.01839993598
1.04060995138
1.04753012275
1.04060995138
1.01839993598
0.975804227868
0.901076930823
0.766969666502
0.503796767275
0.030102317714
0
0
0
0
0
0
0
0
0
0.0331999430659
0.506834682585
0.768314331164
0.9017845002
0.976237732027
1.01870434766
1.04085499625
1.04775779027
1.04085499625
1.01870434766
0.976237732027
0.9017845002
0.768314331164
0.506834682585
0.0331999430659
0
0
0
0
0
0
0
0
0
0.0362832904073
0.509711750501
0.769588796717
0.902455240905
0.976648462552
1.01899253075
1.04108680606
1.04797309713
1.04108680606
1.01899253075
0.976648462552
0.902455240905
0.769588796717
0.509711750501
0.0362832904073
0
0
0
0
0
0
0
0
0
0.0393286617938
0.512430135772
0.770793874154
0.903089557692
0.977036695742
1.01926471257
1.04130558811
1.04817624505
1.04130558811
1.01926471257
0.977036695742
0.903089557692
0.770793874154
0.512430135772
0.0393286617938
0
0
0
0
0
0
0
0
0
0.0423143379263
0.514991888161
0.771930330447
0.903687834692
0.977402694526
1.0195211098
1.04151154017
1.04836742652
1.04151154017
1.0195211098
0.977402694526
0.903687834692
0.771930330447
0.514991888161
0.0423143379263
0
0
0
0
0
0
0
0
0
0.0452205397131
0.517398942893
0.772998889019
0.904250435438
0.977746708367
1.01976192837
1.04170485035
1.0485468247
1.04170485035
1.01976192837
0.977746708367
0.904250435438
0.772998889019
0.517398942893
0.0452205397131
0
0
0
0
0
0
0
0
0
0.0480293556759
0.519653121186
0.774000230184
0.904777702884
0.978068973178
1.0199873633
1.04188569695
1.04871461321
1.04188569695
1.0199873633
0.978068973178
0.904777702884
0.774000230184
0.519653121186
0.0480293556759
0
0
0
0
0
0
0
0
0
0.0507246476477
0.521756130865
0.774934991564
0.905269959426
0.97836971124
1.02019759861
1.04205424832
1.04887095605
1.04205424832
1.02019759861
0.97836971124
0.905269959426
0.774934991564
0.521756130865
0.0507246476477
0
0
0
0
0
0
0
0
0
0.0532919440984
0.523709567017
0.775803768472
0.90572750692
0.978649131114
1.02039280719
1.04221066275
1.04901600743
1.04221066275
1.02039280719
0.978649131114
0.90572750692
0.775803768472
0.523709567017
0.0532919440984
0
0
0
0
0
0
0
0
0
0.0557183279796
0.525514912681
0.776607114284
0.906150626701
0.978907427574
1.02057315069
1.04235508835
1.04914991168
1.04235508835
1.02057315069
0.978907427574
0.906150626701
0.776607114284
0.525514912681
0.0557183279796
0
0
0
0
0
0
0
0
0
0.0579923240856
0.527173539549
0.777345540765
0.906539579589
0.979144781529
1.02073877945
1.04248766292
1.04927280311
1.04248766292
1.02073877945
0.979144781529
0.906539579589
0.777345540765
0.527173539549
0.0579923240856
0
0
0
0
0
0
0
0
0
0.0601037894832
0.52868670866
0.778019518388
0.906894605913
0.97936135996
1.02088983238
1.04260851387
1.04938480592
1.04260851387
1.02088983238
0.97936135996
0.906894605913
0.778019518388
0.52868670866
0.0601037894832
0
0
0
0
0
0
0
0
0
0.062043809471
0.530055571081
0.778629476615
0.90721592551
0.979557315857
1.02102643685
1.04271775808
1.04948603407
1.04271775808
1.02102643685
0.979557315857
0.90721592551
0.778629476615
0.530055571081
0.062043809471
0
0
0
0
0
0
0
0
0
0.0638046007193
0.531281168566
0.779175804157
0.907503737744
0.979732788159
1.02114870866
1.04281550189
1.04957659125
1.04281550189
1.02114870866
0.979732788159
0.907503737744
0.779175804157
0.531281168566
0.0638046007193
0
0
0
0
0
0
0
0
0
0.0653794226482
0.532364434169
0.779658849215
0.907758221508
0.979887901704
1.02125675194
1.04290184092
1.04965657071
1.04290184092
1.02125675194
0.979887901704
0.907758221508
0.779658849215
0.532364434169
0.0653794226482
0
0
0
0
0
0
0
0
0
0.0667624976744
0.533306192824
0.780078919682
0.907979535238
0.98002276718
1.02135065907
1.04297686007
1.04972605527
1.04297686007
1.02135065907
0.98002276718
0.907979535238
0.780078919682
0.533306192824
0.0667624976744
0
0
0
0
0
0
0
0
0
0.0679489406583
0.534107161866
0.780436283335
0.908167816911
0.980137481084
1.02143051066
1.04304063341
1.04978511717
1.04304063341
1.02143051066
0.980137481084
0.908167816911
0.780436283335
0.534107161866
0.0679489406583
0
0
0
0
0
0
0
0
0
0.0689346976822
0.5347679515
0.780731167994
0.908323184055
0.980232125683
1.02149637544
1.04309322416
1.04983381809
1.04309322416
1.02149637544
0.980232125683
0.908323184055
0.780731167994
0.5347679515
0.0689346976822
0
0
0
0
0
0
0
0
0
0.0697164941606
0.535289065207
0.780963761662
0.908445733755
0.980306768984
1.02154831028
1.0431346846
1.04987220903
1.0431346846
1.02154831028
0.980306768984
0.908445733755
0.780963761662
0.535289065207
0.0697164941606
0
0
0
0
0
0
0
0
0
0.070291792208
0.535670900083
0.781134212634
0.90853554265
0.980361464706
1.02158636011
1.04316505605
1.04990033032
1.04316505605
1.02158636011
0.980361464706
0.90853554265
0.781134212634
0.535670900083
0.070291792208
0
0
0
0
0
0
0
0
0
0.0706587571581
0.535913747112
0.78124262959
0.908592666943
0.980396252258
1.02161055789
1.04318436886
1.04991821156
1.04318436886
1.02161055789
0.980396252258
0.908592666943
0.78124262959
0.535913747112
0.0706587571581
0
0
0
0
0
0
0
0
0
0.0708162331202
0.536017791371
0.781289081658
0.908617142396
0.980411156729
1.02162092461
1.04319264233
1.04992587157
1.04319264233
1.02162092461
0.980411156729
0.908617142396
0.781289081658
0.536017791371
0.0708162331202
0
0
0
0
0
0
0
0
0
0.0707637274758
0.535983112153
0.781273598458
0.908608984337
0.980406188871
1.02161746929
1.04318988473
1.04992331846
1.04318988473
1.02161746929
0.980406188871
0.908608984337
0.781273598458
0.535983112153
0.0707637274758
0
0
0
0
0
0
0
0
0
0.0705014042471
0.53580968303
0.781196170117
0.908568187658
0.980381345099
1.02160018891
1.04317609332
1.04991054952
1.04317609332
1.02160018891
0.980381345099
0.908568187658
0.781196170117
0.53580968303
0.0705014042471
0
0
0
0
0
0
0
0
0
0.0700300863062
0.535497371828
0.781056747265
0.908494726811
0.980336607494
1.02156906848
1.0431512543
1.04988755128
1.0431512543
1.02156906848
0.980336607494
0.908494726811
0.781056747265
0.535497371828
0.0700300863062
0
0
0
0
0
0
0
0
0
0.0693512664371
0.535045940536
0.780855241004
0.908388555816
0.980271943804
1.02152408102
1.04311534283
1.04985429954
1.04311534283
1.02152408102
0.980271943804
0.908388555816
0.780855241004
0.535045940536
0.0693512664371
0
0
0
0
0
0
0
0
0
0.0684671272979
0.534455045145
0.780591522857
0.908249608252
0.980187307462
1.02146518756
1.04306832309
1.04981075931
1.04306832309
1.02146518756
0.980187307462
0.908249608252
0.780591522857
0.534455045145
0.0684671272979
0
0
0
0
0
0
0
0
0
0.0673805703697
0.533724235403
0.780265424686
0.908077797257
0.980082637603
1.02139233723
1.04301014826
1.04975688495
1.04301014826
1.02139233723
0.980082637603
0.908077797257
0.780265424686
0.533724235403
0.0673805703697
0
0
0
0
0
0
0
0
0
0.0660952539989
0.532852954515
0.779876738598
0.907873015525
0.979957859086
1.02130546721
1.04294076059
1.04969262009
1.04294076059
1.02130546721
0.979957859086
0.907873015525
0.779876738598
0.532852954515
0.0660952539989
0
0
0
0
0
0
0
0
0
0.0646156406457
0.531840538766
0.779425216811
0.907635135303
0.979812882526
1.02120450281
1.04286009144
1.04961789777
1.04286009144
1.02120450281
0.979812882526
0.907635135303
0.779425216811
0.531840538766
0.0646156406457
0
0
0
0
0
0
0
0
0
0.0629470534343
0.530686217084
0.778910571512
0.907364008387
0.979647604324
1.02108935755
1.04276806131
1.04953264046
1.04276806131
1.02108935755
0.979647604324
0.907364008387
0.778910571512
0.530686217084
0.0629470534343
0
0
0
0
0
0
0
0
0
0.0610957420473
0.529389110543
0.778332474679
0.907059466112
0.979461906712
1.02095993316
1.04266457992
1.0494367601
1.04266457992
1.02095993316
0.979461906712
0.907059466112
0.778332474679
0.529389110543
0.0610957420473
0
0
0
0
0
0
0
0
0
0.0590689579052
0.527948231813
0.777690557884
0.906721319352
0.979255657795
1.02081611966
1.04254954629
1.04933015823
1.04254954629
1.02081611966
0.979255657795
0.906721319352
0.777690557884
0.527948231813
0.0590689579052
0
0
0
0
0
0
0
0
0
0.0568750384119
0.526362484565
0.776984412072
0.906349358506
0.979028711601
1.02065779547
1.04242284881
1.049212726
1.04242284881
1.02065779547
0.979028711601
0.906349358506
0.776984412072
0.526362484565
0.0568750384119
0
0
0
0
0
0
0
0
0
0.0545234997977
0.524630662828
0.776213587308
0.905943353493
0.978780908138
1.02048482741
1.0422843653
1.04908434432
1.0422843653
1.02048482741
0.978780908138
0.905943353493
0.776213587308
0.524630662828
0.0545234997977
0
0
0
0
0
0
0
0
0
0.0520251377342
0.522751450324
0.775377592512
0.90550305374
0.978512073453
1.02029707087
1.04213396316
1.04894488392
1.04213396316
1.02029707087
0.978512073453
0.90550305374
0.775377592512
0.522751450324
0.0520251377342
0
0
0
0
0
0
0
0
0
0.0493921343916
0.520723419775
0.774475895153
0.905028188171
0.978222019695
1.02009436984
1.04197149941
1.04879420547
1.04197149941
1.02009436984
0.978222019695
0.905028188171
0.774475895153
0.520723419775
0.0493921343916
0
0
0
0
0
0
0
0
0
0.0466381699111
0.518545032205
0.77350792093
0.904518465192
0.977910545188
1.01987655703
1.04179682084
1.04863215968
1.04179682084
1.01987655703
0.977910545188
0.904518465192
0.77350792093
0.518545032205
0.0466381699111
0
0
0
0
0
0
0
0
0
0.0437785353276
0.516214636243
0.772473053423
0.903973572681
0.977577434501
1.01964345397
1.04160976412
1.04845858744
1.04160976412
1.01964345397
0.977577434501
0.903973572681
0.772473053423
0.516214636243
0.0437785353276
0
0
0
0
0
0
0
0
0
0.0408302427156
0.513730467446
0.771370633714
0.903393177962
0.977222458527
1.01939487113
1.0414101559
1.04827331992
1.0414101559
1.01939487113
0.977222458527
0.903393177962
0.771370633714
0.513730467446
0.0408302427156
0
0
0
0
0
0
0
0
0
0.0378121266772
0.511090647667
0.770199959988
0.902776927797
0.976845374566
1.01913060802
1.04119781297
1.04807617871
1.04119781297
1.01913060802
0.976845374566
0.902776927797
0.770199959988
0.511090647667
0.0378121266772
0
0
0
0
0
0
0
0
0
0.0347449291351
0.508293184472
0.768960287105
0.902124448355
0.976445926413
1.01885045333
1.04097254236
1.04786697597
1.04097254236
1.01885045333
0.976445926413
0.902124448355
0.768960287105
0.508293184472
0.0347449291351
0
0
0
0
0
0
0
0
0
0.0316513566279
0.505335970652
0.767650826141
0.901435345199
0.97602384444
1.01855418502
1.04073414152
1.04764551456
1.04073414152
1.01855418502
0.97602384444
0.901435345199
0.767650826141
0.505335970652
0.0316513566279
0
0
0
0
0
0
0
0
0
0.0285560958203
0.502216783843
0.766270743913
0.900709203251
0.975578845699
1.0182415705
1.04048239844
1.04741158821
1.04048239844
1.0182415705
0.975578845699
0.900709203251
0.766270743913
0.502216783843
0.0285560958203
0
0
0
0
0
0
0
0
0
0.0254857686318
0.498933286285
0.764819162463
0.899945586772
0.975110634013
1.01791236677
1.04021709181
1.04716498167
1.04021709181
1.01791236677
0.975110634013
0.899945586772
0.764819162463
0.498933286285
0.0254857686318
0
0
0
0
0
0
0
0
0
0.0224688032107
0.495483024775
0.763295158528
0.899144039326
0.97461890008
1.01756632049
1.03993799118
1.04690547086
1.03993799118
1.01756632049
0.97461890008
0.899144039326
0.763295158528
0.495483024775
0.0224688032107
0
0
0
0
0
0
0
0
0
0.019535190998
0.491863430836
0.761697762972
0.898304083753
0.974103321571
1.01720316821
1.03964485713
1.04663282304
1.03964485713
1.01720316821
0.974103321571
0.898304083753
0.761697762972
0.491863430836
0.019535190998
0
0
0
0
0
0
0
0
0
0.0167160936286
0.488071821163
0.760025960197
0.897425222126
0.973563563242
1.01682263649
1.03933744143
1.046346797
1.03933744143
1.01682263649
0.973563563242
0.897425222126
0.760025960197
0.488071821163
0.0167160936286
0
0
0
0
0
0
0
0
0
0.0140432571071
0.484105398398
0.758278687527
0.89650693572
0.972999277043
1.01642444204
1.03901548722
1.04604714324
1.03901548722
1.01642444204
0.972999277043
0.89650693572
0.758278687527
0.484105398398
0.0140432571071
0
0
0
0
0
0
0
0
0
0.0115481859544
0.479961252307
0.756454834557
0.895548684968
0.972410102226
1.01600829191
1.03867872916
1.04573360412
1.03867872916
1.01600829191
0.972410102226
0.895548684968
0.756454834557
0.479961252307
0.0115481859544
0
0
0
0
0
0
0
0
0
0.00926102939401
0.475636361418
0.754553242487
0.894549909416
0.971795665466
1.01557388365
1.03832689368
1.04540591409
1.03832689368
1.01557388365
0.971795665466
0.894549909416
0.754553242487
0.475636361418
0.00926102939401
0
0
0
0
0
0
0
0
0
0.00720913938441
0.471127595224
0.752572703421
0.893510027678
0.971155580974
1.01512090543
1.03795969909
1.04506379982
1.03795969909
1.01512090543
0.971155580974
0.893510027678
0.752572703421
0.471127595224
0.00720913938441
0
0
0
0
0
0
0
0
0
0.00541528318899
0.466431717036
0.750511959639
0.892428437386
0.97048945062
1.0146490363
1.0375768558
1.04470698048
1.0375768558
1.0146490363
0.97048945062
0.892428437386
0.750511959639
0.466431717036
0.00541528318899
0
0
0
0
0
0
0
0
0
0.00389554113785
0.461545387606
0.748369702849
0.891304515138
0.969796864055
1.01415794629
1.03717806653
1.04433516785
1.03717806653
1.01415794629
0.969796864055
0.891304515138
0.748369702849
0.461545387606
0.00389554113785
0
0
0
0
0
0
0
0
0
0.00265700631896
0.456465169648
0.746144573408
0.890137616444
0.969077398837
1.01364729661
1.0367630265
1.0439480666
1.0367630265
1.01364729661
0.969077398837
0.890137616444
0.746144573408
0.456465169648
0.00265700631896
0
0
0
0
0
0
0
0
0
0.00169554083238
0.451187533408
0.743835159524
0.888927075668
0.968330620559
1.01311673987
1.0363314236
1.04354537444
1.0363314236
1.01311673987
0.968330620559
0.888927075668
0.743835159524
0.451187533408
0.00169554083238
0
0
0
0
0
0
0
0
0
0.000994039052474
0.44570886345
0.74143999643
0.887672205967
0.967556082978
1.0125659202
1.03588293864
1.04312678233
1.03588293864
1.0125659202
0.967556082978
0.887672205967
0.74143999643
0.44570886345
0.000994039052474
0
0
0
0
0
0
0
0
0
0.000521880621271
0.44002546687
0.738957565539
0.886372299235
0.966753328153
1.0119944735
1.03541724553
1.04269197475
1.03541724553
1.0119944735
0.966753328153
0.886372299235
0.738957565539
0.44002546687
0.000521880621271
0
0
0
0
0
0
0
0
0
0.000236437024925
0.434133583138
0.736386293576
0.885026626032
0.965921886573
1.01140202758
1.03493401148
1.04224062984
1.03493401148
1.01140202758
0.965921886573
0.885026626032
0.736386293576
0.434133583138
0.000236437024925
0
0
0
0
0
0
0
0
0
8.74173871809e-05
0.428029395863
0.733724551698
0.883634435524
0.965061277306
1.0107882024
1.03443289726
1.04177241966
1.03443289726
1.0107882024
0.965061277306
0.883634435524
0.733724551698
0.428029395863
8.74173871809e-05
0
0
0
0
0
0
0
0
0
2.41515287603e-05
0.421709046754
0.730970654584
0.882194955417
0.96417100813
1.01015261025
1.03391355737
1.04128701041
1.03391355737
1.01015261025
0.96417100813
0.882194955417
0.730970654584
0.421709046754
2.41515287603e-05
0
0
0
0
0
0
0
0
0
4.30102752592e-06
0.415168652137
0.728122859527
0.880707391888
0.963250575688
1.00949485594
1.03337564026
1.04078406264
1.03337564026
1.00949485594
0.963250575688
0.880707391888
0.728122859527
0.415168652137
4.30102752592e-06
0
0
0
0
0
0
0
0
0
3.77570638258e-07
0.408404322422
0.725179365502
0.879170929518
0.96229946563
1.00881453702
1.03281878858
1.04026323149
1.03281878858
1.00881453702
0.96229946563
0.879170929518
0.725179365502
0.408404322422
3.77570638258e-07
0
0
0
0
0
0
0
0
0
9.49624012642e-09
0.401412184978
0.722138312234
0.877584731228
0.961317152766
1.008111244
1.03224263942
1.0397241669
1.03224263942
1.008111244
0.961317152766
0.877584731228
0.722138312234
0.401412184978
9.49624012642e-09
0
0
0
0
0
0
0
0
0
1.88596380005e-11
0.394188410942
0.71899777926
0.875947938208
0.960303101227
1.00738456053
1.03164682446
1.03916651386
1.03164682446
1.00738456053
0.960303101227
0.875947938208
0.71899777926
0.394188410942
1.88596380005e-11
0
0
0
0
0
0
0
0
0
5.4785504582e-17
0.386729246569
0.715755784985
0.87425966986
0.959256764618
1.00663406365
1.0310309703
1.03858991263
1.0310309703
1.00663406365
0.959256764618
0.87425966986
0.715755784985
0.386729246569
5.4785504582e-17
0
0
0
0
0
0
0
0
0
1.03379997424e-34
0.37903104982
0.712410285756
0.87251902373
0.95817758619
1.00585932398
1.03039469862
1.03799399901
1.03039469862
1.00585932398
0.95817758619
0.87251902373
0.712410285756
0.37903104982
1.03379997424e-34
0
0
0
0
0
0
0
0
0
0
0.371090332995
0.708959174935
0.870725075453
0.957064999007
1.00505990598
1.02973762647
1.03737840453
1.02973762647
1.00505990598
0.957064999007
0.870725075453
0.708959174935
0.371090332995
0
0
0
0
0
0
0
0
0
0
0
0.362903812326
0.705400281997
0.868876878698
0.955918426123
1.00423536814
1.02905936648
1.03674275676
1.02905936648
1.00423536814
0.955918426123
0.868876878698
0.705400281997
0.362903812326
0
0
0
0
0
0
0
0
0
0
0
0.354468465592
0.701731371651
0.866973465118
0.954737280765
1.00338526326
1.02835952711
1.03608667949
1.02835952711
1.00338526326
0.954737280765
0.866973465118
0.701731371651
0.354468465592
0
0
0
0
0
0
0
0
0
0
0
0.345781598991
0.697950142993
0.865013844314
0.953520966524
1.00250913864
1.02763771292
1.03540979305
1.02763771292
1.00250913864
0.953520966524
0.865013844314
0.697950142993
0.345781598991
0
0
0
0
0
0
0
0
0
0
0
0.33684092464
0.694054228705
0.862997003792
0.952268877548
1.00160653637
1.02689352483
1.0347117145
1.02689352483
1.00160653637
0.952268877548
0.862997003792
0.694054228705
0.33684092464
0
0
0
0
0
0
0
0
0
0
0
0.327644650331
0.690041194308
0.860921908946
0.950980398752
1.00067699355
1.02612656035
1.03399205795
1.02612656035
1.00067699355
0.950980398752
0.860921908946
0.690041194308
0.327644650331
0
0
0
0
0
0
0
0
0
0
0
0.318191583362
0.685908537476
0.858787503042
0.949654906029
0.999720042581
1.02533641385
1.0332504348
1.02533641385
0.999720042581
0.949654906029
0.858787503042
0.685908537476
0.318191583362
0
0
0
0
0
0
0
0
0
0
0
0.30848125054
0.681653687437
0.856592707217
0.948291766479
0.998735211394
1.02452267688
1.03248645403
1.02452267688
0.998735211394
0.948291766479
0.856592707217
0.681653687437
0.30848125054
0
0
0
0
0
0
0
0
0
0
0
0.298514036742
0.677274004467
0.85433642049
0.94689033864
0.997722023754
1.02368493838
1.03169972243
1.02368493838
0.997722023754
0.94689033864
0.85433642049
0.677274004467
0.298514036742
0
0
0
0
0
0
0
0
0
0
0
0.288291344723
0.672766779494
0.852017519801
0.945449972736
0.996679999531
1.02282278503
1.03088984496
1.02282278503
0.996679999531
0.945449972736
0.852017519801
0.672766779494
0.288291344723
0
0
0
0
0
0
0
0
0
0
0
0.277815779219
0.668129233839
0.849634860049
0.943970010941
0.995608654994
1.02193580148
1.03005642496
1.02193580148
0.995608654994
0.943970010941
0.849634860049
0.668129233839
0.277815779219
0
0
0
0
0
0
0
0
0
0
0
0.267091358753
0.663358519108
0.847187274173
0.94244978765
0.994507503114
1.02102357072
1.02919906453
1.02102357072
0.994507503114
0.94244978765
0.847187274173
0.663358519108
0.267091358753
0
0
0
0
0
0
0
0
0
0
0
0.256123758923
0.658451717268
0.84467357324
0.940888629771
0.993376053876
1.02008567431
1.02831736477
1.02008567431
0.993376053876
0.940888629771
0.84467357324
0.658451717268
0.256123758923
0
0
0
0
0
0
0
0
0
0
0
0.244920591323
0.653405840927
0.842092546568
0.93928585703
0.992213814606
1.01912169278
1.02741092612
1.01912169278
0.992213814606
0.93928585703
0.842092546568
0.653405840927
0.244920591323
0
0
0
0
0
0
0
0
0
0
0
0.233491722567
0.648217833852
0.839442961878
0.937640782295
0.991020290308
1.0181312059
1.02647934869
1.0181312059
0.991020290308
0.937640782295
0.839442961878
0.648217833852
0.233491722567
0
0
0
0
0
0
0
0
0
0
0
0.22184963813
0.642884571767
0.836723565476
0.935952711925
0.989794984013
1.01711379304
1.02552223259
1.01711379304
0.989794984013
0.935952711925
0.836723565476
0.642884571767
0.22184963813
0
0
0
0
0
0
0
0
0
0
0
0.210009855816
0.637402863458
0.833933082476
0.934220946128
0.988537397147
1.01606903351
1.02453917828
1.01606903351
0.988537397147
0.934220946128
0.833933082476
0.637402863458
0.210009855816
0
0
0
0
0
0
0
0
0
0
0
0.197991393446
0.631769452239
0.831070217056
0.932444779356
0.987247029914
1.01499650696
1.02352978691
1.01499650696
0.987247029914
0.932444779356
0.831070217056
0.631769452239
0.197991393446
0
0
0
0
0
0
0
0
0
0
0
0.1858172948
0.625981017823
0.828133652768
0.93062350071
0.985923381689
1.0138957937
1.02249366069
1.0138957937
0.985923381689
0.93062350071
0.828133652768
0.625981017823
0.1858172948
0
0
0
0
0
0
0
0
0
0
0
0.173515216543
0.62003417866
0.825122052888
0.928756394387
0.984565951438
1.01276647512
1.02143040329
1.01276647512
0.984565951438
0.928756394387
0.825122052888
0.62003417866
0.173515216543
0
0
0
0
0
0
0
0
0
0
0
0.161118076669
0.613925494795
0.822034060821
0.926842740138
0.983174238153
1.01160813413
1.02033962022
1.01160813413
0.983174238153
0.926842740138
0.822034060821
0.613925494795
0.161118076669
0
0
0
0
0
0
0
0
0
0
0
0.148664761244
0.607651471324
0.818868300572
0.924881813772
0.981747741302
1.01042035549
1.01922091924
1.01042035549
0.981747741302
0.924881813772
0.818868300572
0.607651471324
0.148664761244
0
0
0
0
0
0
0
0
0
0
0
0.136200880422
0.60120856252
0.815623377266
0.922872887681
0.980285961313
1.00920272635
1.0180739108
1.00920272635
0.980285961313
0.922872887681
0.815623377266
0.60120856252
0.136200880422
0
0
0
0
0
0
0
0
0
0
0
0.123779555765
0.594593176727
0.812297877753
0.920815231407
0.978788400068
1.00795483664
1.01689820844
1.00795483664
0.978788400068
0.920815231407
0.812297877753
0.594593176727
0.123779555765
0
0
0
0
0
0
0
0
0
0
0
0.111462207588
0.587801682099
0.808890371275
0.918708112239
0.977254561431
1.00667627955
1.01569342931
1.00667627955
0.977254561431
0.918708112239
0.808890371275
0.587801682099
0.111462207588
0
0
0
0
0
0
0
0
0
0
0
0.0993192915741
0.580830413319
0.805399410222
0.916550795854
0.975683951795
1.00536665206
1.01445919459
1.00536665206
0.975683951795
0.916550795854
0.805399410222
0.580830413319
0.0993192915741
0
0
0
0
0
0
0
0
0
0
0
0.0874309059868
0.573675679403
0.801823530976
0.914342547001
0.974076080658
1.00402555544
1.01319513004
1.00402555544
0.974076080658
0.914342547001
0.801823530976
0.573675679403
0.0874309059868
0
0
0
0
0
0
0
0
0
0
0
0.0758871514511
0.566333772734
0.798161254849
0.912082630223
0.972430461233
1.00265259577
1.01190086648
1.00265259577
0.972430461233
0.912082630223
0.798161254849
0.566333772734
0.0758871514511
0
0
0
0
0
0
0
0
0
0
0
0.0647880712718
0.558800979474
0.794411089123
0.909770310633
0.970746611082
1.00124738452
1.01057604035
1.00124738452
0.970746611082
0.909770310633
0.794411089123
0.558800979474
0.0647880712718
0
0
0
0
0
0
0
0
0
0
0
0.0542429282059
0.551073591539
0.790571528205
0.907404854733
0.969024052782
0.999809539159
1.00922029424
0.999809539159
0.969024052782
0.907404854733
0.790571528205
0.551073591539
0.0542429282059
0
0
0
0
0
0
0
0
0
0
0
0.0443684819332
0.543147920307
0.786641054906
0.904985531294
0.96726231463
0.998338683713
1.00783327754
0.998338683713
0.96726231463
0.904985531294
0.786641054906
0.543147920307
0.0443684819332
0
0
0
0
0
0
0
0
0
0
0
0.0352858231994
0.535020312296
0.782618141837
0.902511612284
0.96546093138
0.996834449461
1.00641464699
0.996834449461
0.96546093138
0.902511612284
0.782618141837
0.535020312296
0.0352858231994
0
0
0
0
0
0
0
0
0
0
0
0.0271152103411
0.526687167047
0.778501252961
0.899982373858
0.963619445012
0.995296475578
1.00496406736
0.995296475578
0.963619445012
0.899982373858
0.778501252961
0.526687167047
0.0271152103411
0
0
0
0
0
0
0
0
0
0
0
0.0199682804292
0.518144957463
0.774288845284
0.897397097413
0.961737405552
0.993724409838
1.00348121209
0.993724409838
0.961737405552
0.897397097413
0.774288845284
0.518144957463
0.0199682804292
0
0
0
0
0
0
0
0
0
0
0
0.0139370561317
0.509390252933
0.769979370707
0.894755070704
0.95981437192
0.992117909348
1.001965764
0.992117909348
0.95981437192
0.894755070704
0.769979370707
0.509390252933
0.0139370561317
0
0
0
0
0
0
0
0
0
0
0
0.00907950761747
0.500419745551
0.76557127806
0.892055589027
0.95784991283
0.990476641309
1.00041741601
0.990476641309
0.95784991283
0.892055589027
0.76557127806
0.500419745551
0.00907950761747
0
0
0
0
0
0
0
0
0
0
0
0.00540234478075
0.491230279819
0.761063015309
0.889297956483
0.955843607723
0.988800283813
0.998835871871
0.988800283813
0.955843607723
0.889297956483
0.761063015309
0.491230279819
0.00540234478075
0
0
0
0
0
0
0
0
0
0
0
0.00284361941831
0.481818886234
0.756453031968
0.886481487308
0.953795047761
0.987088526673
0.997220847012
0.987088526673
0.953795047761
0.886481487308
0.756453031968
0.481818886234
0.00284361941831
0
0
0
0
0
0
0
0
0
0
0
0.00126095509851
0.472182819238
0.751739781718
0.883605507289
0.951703836853
0.985341072295
0.995572069298
0.985341072295
0.951703836853
0.883605507289
0.751739781718
0.472182819238
0.00126095509851
0
0
0
0
0
0
0
0
0
0
0
0.000435326435581
0.462319600035
0.746921725253
0.880669355257
0.949569592741
0.983557636577
0.993889279915
0.983557636577
0.949569592741
0.880669355257
0.746921725253
0.462319600035
0.000435326435581
0
0
0
0
0
0
0
0
0
0
0
0.000102129957259
0.452227064842
0.741997333362
0.877672384671
0.947391948132
0.981737949859
0.992172234253
0.981737949859
0.947391948132
0.877672384671
0.741997333362
0.452227064842
0.000102129957259
0
0
0
0
0
0
0
0
0
0
0
1.26008129339e-05
0.441903419216
0.736965090268
0.874613965292
0.945170551887
0.979881757897
0.99042070283
0.979881757897
0.945170551887
0.874613965292
0.736965090268
0.441903419216
1.26008129339e-05
0
0
0
0
0
0
0
0
0
0
0
4.72933027811e-07
0.431347299139
0.73182349724
0.871493484946
0.942905070259
0.977988822897
0.988634472255
0.977988822897
0.942905070259
0.871493484946
0.73182349724
0.431347299139
4.72933027811e-07
0
0
0
0
0
0
0
0
0
0
0
1.31058605602e-09
0.420557839639
0.726571076481
0.86831035139
0.940595188191
0.97605892457
0.986813346229
0.97605892457
0.940595188191
0.86831035139
0.726571076481
0.420557839639
1.31058605602e-09
0
0
0
0
0
0
0
0
0
0
0
1.57437951984e-15
0.40953475179
0.721206375333
0.865063994278
0.93824061067
0.974091861249
0.984957146579
0.974091861249
0.93824061067
0.865063994278
0.721206375333
0.40953475179
1.57437951984e-15
0
0
0
0
0
0
0
0
0
0
0
3.73666690318e-44
0.398278408995
0.715727970794
0.861753867227
0.935841064144
0.972087451032
0.983065714344
0.972087451032
0.935841064144
0.861753867227
0.715727970794
0.398278408995
3.73666690318e-44
0
0
0
0
0
0
0
0
0
0
0
0
0.386789943577
0.710134474372
0.858379449996
0.93339629799
0.970045532983
0.981138910885
0.970045532983
0.93339629799
0.858379449996
0.710134474372
0.386789943577
0
0
0
0
0
0
0
0
0
0
0
0
0
0.375071354732
0.704424537308
0.854940250776
0.930906086057
0.967965968367
0.979176619046
0.967965968367
0.930906086057
0.854940250776
0.704424537308
0.375071354732
0
0
0
0
0
0
0
0
0
0
0
0
0
0.363125629019
0.698596856156
0.851435808592
0.928370228257
0.965848641942
0.977178744357
0.965848641942
0.928370228257
0.851435808592
0.698596856156
0.363125629019
0
0
0
0
0
0
0
0
0
0
0
0
0
0.350956874612
0.692650178775
0.847865695824
0.925788552234
0.963693463283
0.975145216266
0.963693463283
0.925788552234
0.847865695824
0.692650178775
0.350956874612
0
0
0
0
0
0
0
0
0
0
0
0
0
0.338570470577
0.68658331072
0.84422952085
0.923160915085
0.961500368163
0.973075989429
0.961500368163
0.923160915085
0.84422952085
0.68658331072
0.338570470577
0
0
0
0
0
0
0
0
0
0
0
0
0
0.325973232517
0.680395122074
0.840526930808
0.920487205155
0.959269319976
0.970971045026
0.959269319976
0.920487205155
0.840526930808
0.680395122074
0.325973232517
0
0
0
0
0
0
0
0
0
0
0
0
0
0.313173595882
0.674084554724
0.836757614489
0.917767343894
0.957000311202
0.968830392128
0.957000311202
0.917767343894
0.836757614489
0.674084554724
0.313173595882
0
0
0
0
0
0
0
0
0
0
0
0
0
0.300181818209
0.667650630103
0.832921305353
0.915001287775
0.954693364927
0.9666540691
0.954693364927
0.915001287775
0.832921305353
0.667650630103
0.300181818209
0
0
0
0
0
0
0
0
0
0
0
0
0
0.287010201458
0.661092457428
0.829017784674
0.912189030286
0.952348536396
0.964442145043
0.952348536396
0.912189030286
0.829017784674
0.661092457428
0.287010201458
0
0
0
0
0
0
0
0
0
0
0
0
0
0.273673335357
0.654409242425
0.825046884814
0.909330603982
0.949965914621
0.96219472128
0.949965914621
0.909330603982
0.825046884814
0.654409242425
0.273673335357
0
0
0
0
0
0
0
0
0
0
0
0
0
0.26018836235
0.647600296581
0.821008492633
0.906426082596
0.947545624024
0.959911932871
0.947545624024
0.906426082596
0.821008492633
0.647600296581
0.26018836235
0
0
0
0
0
0
0
0
0
0
0
0
0
0.246575264193
0.640665046918
0.81690255302
0.903475583224
0.945087826127
0.957593950177
0.945087826127
0.903475583224
0.81690255302
0.640665046918
0.246575264193
0
0
0
0
0
0
0
0
0
0
0
0
0
0.232857169479
0.633603046319
0.812729072562
0.900479268558
0.942592721276
0.955240980445
0.942592721276
0.900479268558
0.812729072562
0.633603046319
0.232857169479
0
0
0
0
0
0
0
0
0
0
0
0
0
0.219060680246
0.626413984392
0.808488123332
0.897437349191
0.940060550412
0.952853269434
0.940060550412
0.897437349191
0.808488123332
0.626413984392
0.219060680246
0
0
0
0
0
0
0
0
0
0
0
0
0
0.205216214318
0.619097698899
0.804179846811
0.894350085966
0.937491596867
0.950431103071
0.937491596867
0.894350085966
0.804179846811
0.619097698899
0.205216214318
0
0
0
0
0
0
0
0
0
0
0
0
0
0.191358357889
0.611654187741
0.799804457927
0.891217792388
0.934886188198
0.947974809131
0.934886188198
0.891217792388
0.799804457927
0.611654187741
0.191358357889
0
0
0
0
0
0
0
0
0
0
0
0
0
0.177526220053
0.604083621504
0.795362249211
0.88804083708
0.932244698055
0.945484758947
0.932244698055
0.88804083708
0.795362249211
0.604083621504
0.177526220053
0
0
0
0
0
0
0
0
0
0
0
0
0
0.16376377716
0.596386356553
0.790853595072
0.884819646287
0.929567548063
0.942961369132
0.929567548063
0.884819646287
0.790853595072
0.596386356553
0.16376377716
0
0
0
0
0
0
0
0
0
0
0
0
0
0.150120189904
0.58856294867
0.786278956169
0.88155470642
0.926855209737
0.940405103331
0.926855209737
0.88155470642
0.786278956169
0.58856294867
0.150120189904
0
0
0
0
0
0
0
0
0
0
0
0
0
0.136650069536
0.58061416721
0.78163888389
0.878246566638
0.924108206409
0.937816473974
0.924108206409
0.878246566638
0.78163888389
0.58061416721
0.136650069536
0
0
0
0
0
0
0
0
0
0
0
0
0
0.123413661215
0.572541009759
0.776934024913
0.874895841452
0.921327115167
0.935196044044
0.921327115167
0.874895841452
0.776934024913
0.572541009759
0.123413661215
0
0
0
0
0
0
0
0
0
0
0
0
0
0.110476901944
0.564344717257
0.772165125854
0.871503213363
0.918512568803
0.932544428845
0.918512568803
0.871503213363
0.772165125854
0.564344717257
0.110476901944
0
0
0
0
0
0
0
0
0
0
0
0
0
0.0979112973968
0.556026789539
0.767333037972
0.868069435501
0.915665257758
0.92986229777
0.915665257758
0.868069435501
0.767333037972
0.556026789539
0.0979112973968
0
0
0
0
0
0
0
0
0
0
0
0
0
0.0857935460473
0.547589001248
0.762438721933
0.864595334282
0.912785932065
0.927150376056
0.912785932065
0.864595334282
0.762438721933
0.547589001248
0.0857935460473
0
0
0
0
0
0
0
0
0
0
0
0
0
0.0742048205282
0.539033418062
0.757483252612
0.861081812056
0.909875403271
0.924409446528
0.909875403271
0.861081812056
0.757483252612
0.539033418062
0.0742048205282
0
0
0
0
0
0
0
0
0
0
0
0
0
0.0632295957772
0.530362413139
0.752467823911
0.857529849745
0.906934546349
0.921640351312
0.906934546349
0.857529849745
0.752467823911
0.530362413139
0.0632295957772
0
0
0
0
0
0
0
0
0
0
0
0
0
0.05295389323
0.521578683721
0.747393753578
0.85394050945
0.903964301568
0.918843993529
0.903964301568
0.85394050945
0.747393753578
0.521578683721
0.05295389323
0
0
0
0
0
0
0
0
0
0
0
0
0
0.0434627940769
0.512685267762
0.742262488015
0.850314937034
0.900965676332
0.916021338935
0.900965676332
0.850314937034
0.742262488015
0.512685267762
0.0434627940769
0
0
0
0
0
0
0
0
0
0
0
0
0
0.034837069677
0.503685560488
0.737075607026
0.846654364643
0.897939746964
0.913173417526
0.897939746964
0.846654364643
0.737075607026
0.503685560488
0.034837069677
0
0
0
0
0
0
0
0
0
0
0
0
0
0.0271487961395
0.494583330732
0.731834828513
0.842960113178
0.894887660439
0.910301325076
0.894887660439
0.842960113178
0.731834828513
0.494583330732
0.0271487961395
0
0
0
0
0
0
0
0
0
0
0
0
0
0.0204558828787
0.485382736902
0.726542013068
0.839233594675
0.891810636038
0.907406224613
0.891810636038
0.839233594675
0.726542013068
0.485382736902
0.0204558828787
0
0
0
0
0
0
0
0
0
0
0
0
0
0.0147955816117
0.476088342404
0.721199168436
0.835476314609
0.888709966925
0.90448934781
0.888709966925
0.835476314609
0.721199168436
0.476088342404
0.0147955816117
0
0
0
0
0
0
0
0
0
0
0
0
0
0.0101772932245
0.466705130334
0.715808453836
0.831689874072
0.88558702163
0.901551996295
0.88558702163
0.831689874072
0.715808453836
0.466705130334
0.0101772932245
0
0
0
0
0
0
0
0
0
0
0
0
0
0.00657540040112
0.457238517215
0.710372184074
0.827875971839
0.882443245425
0.89859554285
0.882443245425
0.827875971839
0.710372184074
0.457238517215
0.00657540040112
0
0
0
0
0
0
0
0
0
0
0
0
0
0.0039234522673
0.447694365555
0.704892833444
0.824036406282
0.879280161579
0.895621432509
0.879280161579
0.824036406282
0.704892833444
0.447694365555
0.0039234522673
0
0
0
0
0
0
0
0
0
0
0
0
0
0.00211176999796
0.438078994975
0.699373039363
0.820173077122
0.876099372482
0.892631183516
0.876099372482
0.820173077122
0.699373039363
0.438078994975
0.00211176999796
0
0
0
0
0
0
0
0
0
0
0
0
0
0.000991202045575
0.42839919163
0.6938156057
0.816287986999
0.872902560616
0.889626388158
0.872902560616
0.816287986999
0.6938156057
0.42839919163
0.000991202045575
0
0
0
0
0
0
0
0
0
0
0
0
0
0.000385750821559
0.418662215628
0.68822350577
0.812383242841
0.869691489375
0.886608713438
0.869691489375
0.812383242841
0.68822350577
0.418662215628
0.000385750821559
0
0
0
0
0
0
0
0
0
0
0
0
0
0.000115057247367
0.408875806148
0.682599884942
0.808461057003
0.866468003691
0.883579901588
0.866468003691
0.808461057003
0.682599884942
0.408875806148
0.000115057247367
0
0
0
0
0
0
0
0
0
0
0
0
0
2.30988935408e-05
0.399048183937
0.676948062815
0.804523748168
0.863234030488
0.8805417704
0.863234030488
0.804523748168
0.676948062815
0.399048183937
2.30988935408e-05
0
0
0
0
0
0
0
0
0
0
0
0
0
2.47821584543e-06
0.389188050834
0.671271534933
0.800573741978
0.859991578908
0.877496213365
0.859991578908
0.800573741978
0.671271534933
0.389188050834
2.47821584543e-06
0
0
0
0
0
0
0
0
0
0
0
0
0
9.03157680901e-08
0.379304586006
0.665573973975
0.796613571379
0.856742740333
0.87444519961
0.856742740333
0.796613571379
0.665573973975
0.379304586006
9.03157680901e-08
0
0
0
0
0
0
0
0
0
0
0
0
0
3.99684806146e-10
0.369407438533
0.659859230397
0.792645876653
0.853489688154
0.871390773613
0.853489688154
0.792645876653
0.659859230397
0.369407438533
3.99684806146e-10
0
0
0
0
0
0
0
0
0
0
0
0
0
1.13197566594e-14
0.359506716009
0.654131332461
0.78867340512
0.850234677299
0.868335054681
0.850234677299
0.78867340512
0.654131332461
0.359506716009
1.13197566594e-14
0
0
0
0
0
0
0
0
0
0
0
0
0
3.85120702909e-27
0.34961296884
0.648394485625
0.784699010492
0.846980043481
0.865280236189
0.846980043481
0.784699010492
0.648394485625
0.34961296884
3.85120702909e-27
0
0
0
0
0
0
0
0
0
0
0
0
0
1.21655843207e-206
0.33973716991
0.642653071238
0.78072565184
0.843728202175
0.862228584552
0.843728202175
0.78072565184
0.642653071238
0.33973716991
1.21655843207e-206
0
0
0
0
0
0
0
0
0
0
0
0
0
0
0.329890689355
0.636911644516
0.776756392187
0.840481647291
0.859182437934
0.840481647291
0.776756392187
0.636911644516
0.329890689355
0
0
0
0
0
0
0
0
0
0
0
0
0
0
0
0.320085264189
0.631174931742
0.77279439667
0.837242949538
0.856144204662
0.837242949538
0.77279439667
0.631174931742
0.320085264189
0
0
0
0
0
0
0
0
0
0
0
0
0
0
0
0.310332962603
0.625447826674
0.76884293028
0.834014754473
0.853116361358
0.834014754473
0.76884293028
0.625447826674
0.310332962603
0
0
0
0
0
0
0
0
0
0
0
0
0
0
0
0.300646142791
0.619735386116
0.764905355153
0.830799780205
0.850101450757
0.830799780205
0.764905355153
0.619735386116
0.300646142791
0
0
0
0
0
0
0
0
0
0
0
0
0
0
0
0.29103740627
0.614042824634
0.760985127399
0.827600814764
0.847102079216
0.827600814764
0.760985127399
0.614042824634
0.29103740627
0
0
0
0
0
0
0
0
0
0
0
0
0
0
0
0.28151954571
0.608375508391
0.757085793453
0.824420713116
0.8441209139
0.824420713116
0.757085793453
0.608375508391
0.28151954571
0
0
0
0
0
0
0
0
0
0
0
0
0
0
0
0.272105487425
0.602738948085
0.75321098594
0.821262393815
0.841160679641
0.821262393815
0.75321098594
0.602738948085
0.272105487425
0
0
0
0
0
0
0
0
0
0
0
0
0
0
0
0.26280822876
0.597138790979
0.749364419046
0.818128835289
0.838224155465
0.818128835289
0.749364419046
0.597138790979
0.26280822876
0
0
0
0
0
0
0
0
0
0
0
0
0
0
0
0.25364077076
0.591580812027
0.745549883383
0.815023071763
0.835314170783
0.815023071763
0.745549883383
0.591580812027
0.25364077076
0
0
0
0
0
0
0
0
0
0
0
0
0
0
0
0.244616046607
0.586070904086
0.741771240356
0.811948188801
0.832433601241
0.811948188801
0.741771240356
0.586070904086
0.244616046607
0
0
0
0
0
0
0
0
0
0
0
0
0
0
0
0.2357468465
0.580615067235
0.738032416018
0.808907318484
0.829585364235
0.808907318484
0.738032416018
0.580615067235
0.2357468465
0
0
0
0
0
0
0
0
0
0
0
0
0
0
0
0.227045739731
0.575219397218
0.734337394423
0.805903634212
0.826772414099
0.805903634212
0.734337394423
0.575219397218
0.227045739731
0
0
0
0
0
0
0
0
0
0
0
0
0
0
0
0.218524994913
0.569890073039
0.730690210493
0.802940345151
0.823997736946
0.802940345151
0.730690210493
0.569890073039
0.218524994913
0
0
0
0
0
0
0
0
0
0
0
0
0
0
0
0.210196499413
0.564633343737
0.727094942384
0.80002069031
0.821264345204
0.80002069031
0.727094942384
0.564633343737
0.210196499413
0
0
0
0
0
0
0
0
0
0
0
0
0
0
0
0.202071679189
0.559455514395
0.723555703392
0.797147932286
0.818575271826
0.797147932286
0.723555703392
0.559455514395
0.202071679189
0
0
0
0
0
0
0
0
0
0
0
0
0
0
0
0.194161420316
0.554362931433
0.7200766334
0.794325350663
0.815933564201
0.794325350663
0.7200766334
0.554362931433
0.194161420316
0
0
0
0
0
0
0
0
0
0
0
0
0
0
0
0.186475993611
0.549361967232
0.716661889892
0.791556235099
0.813342277781
0.791556235099
0.716661889892
0.549361967232
0.186475993611
0
0
0
0
0
0
0
0
0
0
0
0
0
0
0
0.179024983776
0.544459004178
0.713315638556
0.788843878106
0.810804469431
0.788843878106
0.713315638556
0.544459004178
0.179024983776
0
0
0
0
0
0
0
0
0
0
0
0
0
0
0
0.171817224552
0.539660418179
0.710042043514
0.786191567555
0.808323190524
0.786191567555
0.710042043514
0.539660418179
0.171817224552
0
0
0
0
0
0
0
0
0
0
0
0
0
0
0
0.164860741309
0.534972561751
0.7068452572
0.783602578927
0.805901479817
0.783602578927
0.7068452572
0.534972561751
0.164860741309
0
0
0
0
0
0
0
0
0
0
0
0
0
0
0
0.158162702496
0.530401746747
0.703729409932
0.781080167321
0.803542356106
0.781080167321
0.703729409932
0.530401746747
0.158162702496
0
0
0
0
0
0
0
0
0
0
0
0
0
0
0
0.151729381207
0.525954226832
0.70069859921
0.778627559281
0.801248810707
0.778627559281
0.70069859921
0.525954226832
0.151729381207
0
0
0
0
0
0
0
0
0
0
0
0
0
0
0
0.145566128041
0.521636179781
0.697756878792
0.776247944434
0.799023799785
0.776247944434
0.697756878792
0.521636179781
0.145566128041
0
0
0
0
0
0
0
0
0
0
0
0
0
0
0
0.139677356158
0.517453689718
0.694908247585
0.773944467003
0.796870236559
0.773944467003
0.694908247585
0.517453689718
0.139677356158
0
0
0
0
0
0
0
0
0
0
0
0
0
0
0
0.13406653928
0.513412729365
0.692156638406
0.771720217217
0.794790983421
0.771720217217
0.692156638406
0.513412729365
0.13406653928
0
0
0
0
0
0
0
0
0
0
0
0
0
0
0
0.12873622304
0.50951914243
0.689505906665
0.769578222663
0.792788843997
0.769578222663
0.689505906665
0.50951914243
0.12873622304
0
0
0
0
0
0
0
0
0
0
0
0
0
0
0
0.123688049834
0.505778626203
0.686959819018
0.767521439606
0.790866555191
0.767521439606
0.686959819018
0.505778626203
0.123688049834
0
0
0
0
0
0
0
0
0
0
0
0
0
0
0
0.118922796987
0.502196714462
0.684522042052
0.765552744337
0.78902677925
0.765552744337
0.684522042052
0.502196714462
0.118922796987
0
0
0
0
0
0
0
0
0
0
0
0
0
0
0
0.11444042773
0.498778760792
0.682196131058
0.763674924579
0.787272095884
0.763674924579
0.682196131058
0.498778760792
0.11444042773
0
0
0
0
0
0
0
0
0
0
0
0
0
0
0
0.11024015416
0.495529922375
0.679985518938
0.761890670999
0.785604994485
0.761890670999
0.679985518938
0.495529922375
0.11024015416
0
0
0
0
0
0
0
0
0
0
0
0
0
0
0
0.106320511062
0.492455144354
0.677893505327
0.760202568864
0.784027866483
0.760202568864
0.677893505327
0.492455144354
0.106320511062
0
0
0
0
0
0
0
0
0
0
0
0
0
0
0
0.102679439186
0.489559144829
0.675923245962
0.758613089893
0.782542997876
0.758613089893
0.675923245962
0.489559144829
0.102679439186
0
0
0
0
0
0
0
0
0
0
0
0
0
0
0
0.0993143763626
0.486846400565
0.674077742378
0.757124584349
0.781152561982
0.757124584349
0.674077742378
0.486846400565
0.0993143763626
0
0
0
0
0
0
0
0
0
0
0
0
0
0
0
0.0962223546287
0.484321133452
0.672359831972
0.755739273404
0.779858612446
0.755739273404
0.672359831972
0.484321133452
0.0962223546287
0
0
0
0
0
0
0
0
0
0
0
0
0
0
0
0.0934001014207
0.481987297779
0.670772178496
0.754459241835
0.778663076545
0.754459241835
0.670772178496
0.481987297779
0.0934001014207
0
0
0
0
0
0
0
0
0
0
0
0
0
0
0
0.0908441428199
0.479848568378
0.669317263043
0.753286431077
0.777567748823
0.753286431077
0.669317263043
0.479848568378
0.0908441428199
0
0
0
0
0
0
0
0
0
0
0
0
0
0
0
0.0885509068044
0.477908329637
0.667997375549
0.752222632688
0.776574285107
0.752222632688
0.667997375549
0.477908329637
0.0885509068044
0
0
0
0
0
0
0
0
0
0
0
0
0
0
0
0.086516824508
0.476169665461
0.666814606897
0.751269482256
0.775684196919
0.751269482256
0.666814606897
0.476169665461
0.086516824508
0
0
0
0
0
0
0
0
0
0
0
0
0
0
0
0.0847384275642
0.474635350156
0.665770841635
0.750428453783
0.774898846333
0.750428453783
0.665770841635
0.474635350156
0.0847384275642
0
0
0
0
0
0
0
0
0
0
0
0
0
0
0
0.0832124397409
0.473307840288
0.664867751375
0.749700854587
0.774219441301
0.749700854587
0.664867751375
0.473307840288
0.0832124397409
0
0
0
0
0
0
0
0
0
0
0
0
0
0
0
0.0819358612277
0.472189267515
0.664106788895
0.749087820743
0.773647031481
0.749087820743
0.664106788895
0.472189267515
0.0819358612277
0
0
0
0
0
0
0
0
0
0
0
0
0
0
0
0.0809060441181
0.471281432395
0.663489182984
0.748590313102
0.773182504586
0.748590313102
0.663489182984
0.471281432395
0.0809060441181
0
0
0
0
0
0
0
0
0
0
0
0
0
0
0
0.0801207578252
0.470585799189
0.663015934072
0.748209113902
0.772826583277
0.748209113902
0.663015934072
0.470585799189
0.0801207578252
0
0
0
0
0
0
0
0
0
0
0
0
0
0
0
0.0795782433756
0.470103491648
0.662687810646
0.747944824
0.772579822629
0.747944824
0.662687810646
0.470103491648
0.0795782433756
0
0
0
0
0
0
0
0
0
0
0
0
0
0
0
0.0792772557308
0.469835289799
0.662505346494
0.74779786074
0.772442608175
0.74779786074
0.662505346494
0.469835289799
0.0792772557308
0
0
0
0
0
0
0
0
0
0
0
0
0
0
0
0.0792170934911
0.469781627709
0.662468838791
0.74776845646
0.772415154543
0.74776845646
0.662468838791
0.469781627709
0.0792170934911
0
0
0
0
0
0
0
0
0
0
0
0
0
0
0
0.0793976155413
0.469942592255
0.662578347025
0.74785665767
0.772497504696
0.74785665767
0.662578347025
0.469942592255
0.0793976155413
0
0
0
0
0
0
0
0
0
0
0
0
0
0
0
0.0798192443912
0.470317922872
0.662833692784
0.748062324883
0.772689529782
0.748062324883
0.662833692784
0.470317922872
0.0798192443912
0
0
0
0
0
0
0
0
0
0
0
0
0
0
0
0.080482956165
0.470907012295
0.663234460401
0.748385133114
0.772990929587
0.748385133114
0.663234460401
0.470907012295
0.080482956165
0
0
0
0
0
0
0
0
0
0
0
0
0
0
0
0.0813902573829
0.471708908296
0.663779998443
0.748824573035
0.773401233601
0.748824573035
0.663779998443
0.471708908296
0.0813902573829
0
0
0
0
0
0
0
0
0
0
0
0
0
0
0
0.082543148881
0.472722316404
0.664469422058
0.749379952793
0.773919802673
0.749379952793
0.664469422058
0.472722316404
0.082543148881
0
0
0
0
0
0
0
0
0
0
0
0
0
0
0
0.0839440774101
0.473945603621
0.665301616138
0.750050400458
0.774545831263
0.750050400458
0.665301616138
0.473945603621
0.0839440774101
0
0
0
0
0
0
0
0
0
0
0
0
0
0
0
0.0855958756621
0.475376803128
0.666275239303
0.750834867105
0.775278350265
0.750834867105
0.666275239303
0.475376803128
0.0855958756621
0
0
0
0
0
0
0
0
0
0
0
0
0
0
0
0.0875016916756
0.477013619978
0.667388728667
0.751732130503
0.776116230383
0.751732130503
0.667388728667
0.477013619978
0.0875016916756
0
0
0
0
0
0
0
0
0
0
0
0
0
0
0
0.0896649087815
0.478853437777
0.668640305367
0.752740799388
0.77705818605
0.752740799388
0.668640305367
0.478853437777
0.0896649087815
0
0
0
0
0
0
0
0
0
0
0
0
0
0
0
0.0920890574477
0.480893326341
0.67002798082
0.753859318296
0.778102779854
0.753859318296
0.67002798082
0.480893326341
0.0920890574477
0
0
0
0
0
0
0