0
0
0
0
0
0
0
0
94.77772057
483.1300503
671.5495637
755.0859729
779.2484274
755.0859729
671.5495637
483.1300503
94.77772057
0
0
0
0
0
0
0
0
0
0
0
0
0
0
0
97.73443396
485.5600788
673.2026674
756.418896
780.4934029
756.418896
673.2026674
485.5600788
97.73443396
0
0
0
0
0
0
0
0
0
0
0
0
0
0
0
100.9625838
488.1795958
674.9847184
757.8560735
781.8358446
757.8560735
674.9847184
488.1795958
100.9625838
0
0
0
0
0
0
0
0
0
0
0
0
0
0
0
104.4653032
490.9845117
676.892965
759.3953517
783.2737612
759.3953517
676.892965
490.9845117
104.4653032
0
0
0
0
0
0
0
0
0
0
0
0
0
0
0
108.2453696
493.9704754
678.9244866
761.0344438
784.8050384
761.0344438
678.9244866
493.9704754
108.2453696
0
0
0
0
0
0
0
0
0
0
0
0
0
0
0
112.3051056
497.132888
681.0762032
762.7709379
786.4274456
762.7709379
681.0762032
497.132888
112.3051056
0
0
0
0
0
0
0
0
0
0
0
0
0
0
0
116.6462844
500.4669158
683.3448858
764.6023045
788.1386432
764.6023045
683.3448858
500.4669158
116.6462844
0
0
0
0
0
0
0
0
0
0
0
0
0
0
0
121.2700423
503.9675058
685.7271668
766.5259046
789.9361899
766.5259046
685.7271668
503.9675058
121.2700423
0
0
0
0
0
0
0
0
0
0
0
0
0
0
0
126.1768002
507.6294006
688.2195507
768.538998
791.81755
768.538998
688.2195507
507.6294006
126.1768002
0
0
0
0
0
0
0
0
0
0
0
0
0
0
0
131.3661951
511.4471545
690.8184252
770.6387515
793.7801018
770.6387515
690.8184252
511.4471545
131.3661951
0
0
0
0
0
0
0
0
0
0
0
0
0
0
0
136.8370227
515.4151499
693.5200723
772.8222479
795.8211445
772.8222479
693.5200723
515.4151499
136.8370227
0
0
0
0
0
0
0
0
0
0
0
0
0
0
0
142.5871929
519.527614
696.3206796
775.086494
797.937907
775.086494
696.3206796
519.527614
142.5871929
0
0
0
0
0
0
0
0
0
0
0
0
0
0
0
148.6136982
523.7786365
699.2163514
777.42843
800.1275553
777.42843
699.2163514
523.7786365
148.6136982
0
0
0
0
0
0
0
0
0
0
0
0
0
0
0
154.9125959
528.1621868
702.2031205
779.8449375
802.3872004
779.8449375
702.2031205
528.1621868
154.9125959
0
0
0
0
0
0
0
0
0
0
0
0
0
0
0
161.4790029
532.6721316
705.2769592
782.3328486
804.7139069
782.3328486
705.2769592
532.6721316
161.4790029
0
0
0
0
0
0
0
0
0
0
0
0
0
0
0
168.3071048
537.3022531
708.4337905
784.888954
807.1046999
784.888954
708.4337905
537.3022531
168.3071048
0
0
0
0
0
0
0
0
0
0
0
0
0
0
0
175.3901767
542.0462663
711.6694991
787.5100119
809.5565735
787.5100119
711.6694991
542.0462663
175.3901767
0
0
0
0
0
0
0
0
0
0
0
0
0
0
0
182.7206162
546.8978367
714.9799423
790.1927561
812.0664979
790.1927561
714.9799423
546.8978367
182.7206162
0
0
0
0
0
0
0
0
0
0
0
0
0
0
0
190.289987
551.8505981
718.3609606
792.9339038
814.6314272
792.9339038
718.3609606
551.8505981
190.289987
0
0
0
0
0
0
0
0
0
0
0
0
0
0
0
198.0890724
556.8981693
721.8083877
795.730164
817.2483064
795.730164
721.8083877
556.8981693
198.0890724
0
0
0
0
0
0
0
0
0
0
0
0
0
0
0
206.107936
562.0341707
725.318061
798.5782445
819.9140785
798.5782445
725.318061
562.0341707
206.107936
0
0
0
0
0
0
0
0
0
0
0
0
0
0
0
214.3359901
567.2522411
728.8858306
801.47486
822.6256913
801.47486
728.8858306
567.2522411
214.3359901
0
0
0
0
0
0
0
0
0
0
0
0
0
0
0
222.7620692
572.5460528
732.5075688
804.4167385
825.3801037
804.4167385
732.5075688
572.5460528
222.7620692
0
0
0
0
0
0
0
0
0
0
0
0
0
0
0
231.3745067
577.909327
736.1791788
807.4006283
828.1742924
807.4006283
736.1791788
577.909327
231.3745067
0
0
0
0
0
0
0
0
0
0
0
0
0
0
0
240.1612144
583.3358479
739.8966031
810.4233046
831.0052573
810.4233046
739.8966031
583.3358479
240.1612144
0
0
0
0
0
0
0
0
0
0
0
0
0
0
0
249.1097633
588.8194766
743.6558314
813.4815755
833.8700277
813.4815755
743.6558314
588.8194766
249.1097633
0
0
0
0
0
0
0
0
0
0
0
0
0
0
0
258.2074639
594.3541636
747.4529076
816.5722875
836.765667
816.5722875
747.4529076
594.3541636
258.2074639
0
0
0
0
0
0
0
0
0
0
0
0
0
0
0
267.4414448
599.9339611
751.2839372
819.6923311
839.6892781
819.6923311
751.2839372
599.9339611
267.4414448
0
0
0
0
0
0
0
0
0
0
0
0
0
0
0
276.7987298
605.5530339
755.1450936
822.8386459
842.6380079
822.8386459
755.1450936
605.5530339
276.7987298
0
0
0
0
0
0
0
0
0
0
0
0
0
0
0
286.266311
611.2056697
759.0326236
826.008225
845.6090518
826.008225
759.0326236
611.2056697
286.266311
0
0
0
0
0
0
0
0
0
0
0
0
0
0
0
295.8312184
616.8862886
762.9428533
829.1981195
848.5996573
829.1981195
762.9428533
616.8862886
295.8312184
0
0
0
0
0
0
0
0
0
0
0
0
0
0
0
305.480585
622.5894511
766.8721925
832.4054421
851.607128
832.4054421
766.8721925
622.5894511
305.480585
0
0
0
0
0
0
0
0
0
0
0
0
0
0
0
315.2017068
628.309866
770.8171394
835.627371
854.6288269
835.627371
770.8171394
628.309866
315.2017068
0
0
0
0
0
0
0
0
0
0
0
0
0
0
0
324.9820979
634.0423969
774.7742847
838.8611527
857.6621789
838.8611527
774.7742847
634.0423969
324.9820979
0
0
0
0
0
0
0
0
0
0
0
0
0
0
0
334.8095395
639.782068
778.7403142
842.104105
860.7046742
842.104105
778.7403142
639.782068
334.8095395
0
0
0
0
0
0
0
0
0
0
0
0
0
0
8.83041E-45
344.6721242
645.5240687
782.7120126
845.3536197
863.75387
845.3536197
782.7120126
645.5240687
344.6721242
8.83041E-45
0
0
0
0
0
0
0
0
0
0
0
0
0
5.13065E-16
354.5582943
651.2637579
786.6862657
848.6071641
866.8073929
848.6071641
786.6862657
651.2637579
354.5582943
5.13065E-16
0
0
0
0
0
0
0
0
0
0
0
0
0
5.7184E-09
364.4568749
656.996667
790.6600621
851.8622835
869.8629404
851.8622835
790.6600621
656.996667
364.4568749
5.7184E-09
0
0
0
0
0
0
0
0
0
0
0
0
0
8.71463E-06
374.3571015
662.7185024
794.6304953
855.1166019
872.9182824
855.1166019
794.6304953
662.7185024
374.3571015
8.71463E-06
0
0
0
0
0
0
0
0
0
0
0
0
0
0.000565562
384.2486427
668.4251471
798.5947647
858.3678241
875.9712626
858.3678241
798.5947647
668.4251471
384.2486427
0.000565562
0
0
0
0
0
0
0
0
0
0
0
0
0
0.008354398
394.1216187
674.1126617
802.5501765
861.6137357
879.0197988
861.6137357
802.5501765
674.1126617
394.1216187
0.008354398
0
0
0
0
0
0
0
0
0
0
0
0
0
0.054776405
403.966614
679.7772847
806.4941439
864.8522044
882.0618843
864.8522044
806.4941439
679.7772847
403.966614
0.054776405
0
0
0
0
0
0
0
0
0
0
0
0
0
0.219222927
413.7746876
685.4154321
810.4241877
868.0811798
885.0955878
868.0811798
810.4241877
685.4154321
413.7746876
0.219222927
0
0
0
0
0
0
0
0
0
0
0
0
0
0.635581069
423.5373778
691.0236965
814.3379359
871.298694
888.1190536
871.298694
814.3379359
691.0236965
423.5373778
0.635581069
0
0
0
0
0
0
0
0
0
0
0
0
0
1.475684894
433.2467048
696.5988457
818.233123
874.5028611
891.1305017
874.5028611
818.233123
696.5988457
433.2467048
1.475684894
0
0
0
0
0
0
0
0
0
0
0
0
0
2.921073805
442.8951695
702.1378205
822.1075894
877.6918769
894.1282276
877.6918769
822.1075894
702.1378205
442.8951695
2.921073805
0
0
0
0
0
0
0
0
0
0
0
0
0
5.136531736
452.4757496
707.6377329
825.9592806
880.8640187
897.1106016
880.8640187
825.9592806
707.6377329
452.4757496
5.136531736
0
0
0
0
0
0
0
0
0
0
0
0
0
8.25244263
461.9818931
713.0958625
829.7862456
884.017644
900.0760687
884.017644
829.7862456
713.0958625
461.9818931
8.25244263
0
0
0
0
0
0
0
0
0
0
0
0
0
12.35688719
471.4075103
718.5096539
833.5866355
887.1511903
903.0231473
887.1511903
833.5866355
718.5096539
471.4075103
12.35688719
0
0
0
0
0
0
0
0
0
0
0
0
0
17.49532882
480.7469633
723.876713
837.358702
890.2631733
905.9504286
890.2631733
837.358702
723.876713
480.7469633
17.49532882
0
0
0
0
0
0
0
0
0
0
0
0
0
23.67502497
489.9950538
729.1948034
841.1007954
893.3521864
908.8565755
893.3521864
841.1007954
729.1948034
489.9950538
23.67502497
0
0
0
0
0
0
0
0
0
0
0
0
0
30.87172866
499.1470103
734.4618421
844.8113627
896.4168989
911.7403216
896.4168989
844.8113627
734.4618421
499.1470103
30.87172866
0
0
0
0
0
0
0
0
0
0
0
0
0
39.0369927
508.1984739
739.6758954
848.4889454
899.4560547
914.6004697
899.4560547
848.4889454
739.6758954
508.1984739
39.0369927
0
0
0
0
0
0
0
0
0
0
0
0
0
48.10507285
517.1454829
744.8351746
852.1321773
902.4684709
917.4358905
902.4684709
852.1321773
744.8351746
517.1454829
48.10507285
0
0
0
0
0
0
0
0
0
0
0
0
0
57.9989298
525.9844573
749.9380316
855.7397822
905.4530361
920.2455214
905.4530361
855.7397822
749.9380316
525.9844573
57.9989298
0
0
0
0
0
0
0
0
0
0
0
0
0
68.63515527
534.7121825
754.9829538
859.3105715
908.4087086
923.0283646
908.4087086
859.3105715
754.9829538
534.7121825
68.63515527
0
0
0
0
0
0
0
0
0
0
0
0
0
79.92783539
543.3257931
759.9685597
862.8434414
911.3345149
925.783486
911.3345149
862.8434414
759.9685597
543.3257931
79.92783539
0
0
0
0
0
0
0
0
0
0
0
0
0
91.79146042
551.8227559
764.893594
866.3373707
914.2295475
928.5100132
914.2295475
866.3373707
764.893594
551.8227559
91.79146042
0
0
0
0
0
0
0
0
0
0
0
0
0
104.1430269
560.2008535
769.7569231
869.7914183
917.0929634
931.2071338
917.0929634
869.7914183
769.7569231
560.2008535
104.1430269
0
0
0
0
0
0
0
0
0
0
0
0
0
116.9034839
568.4581679
774.5575297
873.2047199
919.9239821
933.8740941
919.9239821
873.2047199
774.5575297
568.4581679
116.9034839
0
0
0
0
0
0
0
0
0
0
0
0
0
129.9986633
576.5930638
779.2945085
876.5764862
922.7218836
936.5101969
922.7218836
876.5764862
779.2945085
576.5930638
129.9986633
0
0
0
0
0
0
0
0
0
0
0
0
0
143.3598145
584.6041728
783.9670611
879.9059997
925.4860064
939.1148001
925.4860064
879.9059997
783.9670611
584.6041728
143.3598145
0
0
0
0
0
0
0
0
0
0
0
0
0
156.9238438
592.4903776
788.5744914
883.1926122
928.215746
941.6873149
928.215746
883.1926122
788.5744914
592.4903776
156.9238438
0
0
0
0
0
0
0
0
0
0
0
0
0
170.6333391
600.2507965
793.1162011
886.4357422
930.9105523
944.2272036
930.9105523
886.4357422
793.1162011
600.2507965
170.6333391
0
0
0
0
0
0
0
0
0
0
0
0
0
184.4364436
607.8847687
797.5916846
889.6348722
933.5699281
946.7339786
933.5699281
889.6348722
797.5916846
607.8847687
184.4364436
0
0
0
0
0
0
0
0
0
0
0
0
0
198.2866257
615.3918401
802.000525
892.7895463
936.1934272
949.2071999
936.1934272
892.7895463
802.000525
615.3918401
198.2866257
0
0
0
0
0
0
0
0
0
0
0
0
0
212.1423846
622.7717486
806.3423893
895.8993672
938.7806521
951.6464737
938.7806521
895.8993672
806.3423893
622.7717486
212.1423846
0
0
0
0
0
0
0
0
0
0
0
0
0
225.9669166
630.0244118
810.6170244
898.9639944
941.3312524
954.0514507
941.3312524
898.9639944
810.6170244
630.0244118
225.9669166
0
0
0
0
0
0
0
0
0
0
0
0
0
239.7277641
637.1499132
814.8242525
901.9831408
943.844923
956.4218243
943.844923
901.9831408
814.8242525
637.1499132
239.7277641
0
0
0
0
0
0
0
0
0
0
0
0
0
253.3964609
644.1484907
818.9639673
904.9565711
946.3214019
958.7573287
946.3214019
904.9565711
818.9639673
644.1484907
253.3964609
0
0
0
0
0
0
0
0
0
0
0
0
0
266.9481834
651.0205245
823.0361301
907.8840989
948.7604687
961.0577379
948.7604687
907.8840989
823.0361301
651.0205245
266.9481834
0
0
0
0
0
0
0
0
0
0
0
0
0
280.3614163
657.7665258
827.0407655
910.7655846
951.1619427
963.322863
951.1619427
910.7655846
827.0407655
657.7665258
280.3614163
0
0
0
0
0
0
0
0
0
0
0
0
0
293.6176345
664.3871268
830.9779582
913.6009331
953.5256812
965.5525516
953.5256812
913.6009331
830.9779582
664.3871268
293.6176345
0
0
0
0
0
0
0
0
0
0
0
0
0
306.7010065
670.8830699
834.8478489
916.3900915
955.8515776
967.7466858
955.8515776
916.3900915
834.8478489
670.8830699
306.7010065
0
0
0
0
0
0
0
0
0
0
0
0
0
319.5981181
677.2551989
838.6506312
919.133047
958.13956
969.9051804
958.13956
919.133047
838.6506312
677.2551989
319.5981181
0
0
0
0
0
0
0
0
0
0
0
0
0
332.2977188
683.5044494
842.3865482
921.8298249
960.3895894
972.027982
960.3895894
921.8298249
842.3865482
683.5044494
332.2977188
0
0
0
0
0
0
0
0
0
0
0
0
0
344.7904886
689.6318408
846.0558891
924.4804865
962.6016582
974.115067
962.6016582
924.4804865
846.0558891
689.6318408
344.7904886
0
0
0
0
0
0
0
0
0
0
0
0
0
357.0688259
695.6384681
849.6589864
927.0851272
964.7757888
976.1664404
964.7757888
927.0851272
849.6589864
695.6384681
357.0688259
0
0
0
0
0
0
0
0
0
0
0
0
0
369.1266552
701.5254943
853.1962126
929.6438743
966.9120316
978.1821345
966.9120316
929.6438743
853.1962126
701.5254943
369.1266552
0
0
0
0
0
0
0
0
0
0
0
0
0
380.9592526
707.2941435
856.6679777
932.1568859
969.0104643
980.1622075
969.0104643
932.1568859
856.6679777
707.2941435
380.9592526
0
0
0
0
0
0
0
0
0
0
0
0
0
392.5630883
712.9456944
860.0747263
934.6243482
971.0711897
982.1067419
971.0711897
934.6243482
860.0747263
712.9456944
392.5630883
0
0
0
0
0
0
0
0
0
0
0
0
7.75767E-20
403.9356855
718.4814736
863.4169351
937.0464748
973.0943351
984.0158437
973.0943351
937.0464748
863.4169351
718.4814736
403.9356855
7.75767E-20
0
0
0
0
0
0
0
0
0
0
0
7.75487E-09
415.0754925
723.9028506
866.6951105
939.423504
975.0800504
985.889641
975.0800504
939.423504
866.6951105
723.9028506
415.0754925
7.75487E-09
0
0
0
0
0
0
0
0
0
0
0
4.05347E-05
425.9817693
729.2112318
869.909786
941.7556982
977.0285072
987.7282827
977.0285072
941.7556982
869.909786
729.2112318
425.9817693
4.05347E-05
0
0
0
0
0
0
0
0
0
0
0
0.002994342
436.6544851
734.4080554
873.0615202
944.0433419
978.9398975
989.5319376
978.9398975
944.0433419
873.0615202
734.4080554
436.6544851
0.002994342
0
0
0
0
0
0
0
0
0
0
0
0.039818352
447.0942269
739.4947873
876.1508948
946.2867402
980.8144323
991.300793
980.8144323
946.2867402
876.1508948
739.4947873
447.0942269
0.039818352
0
0
0
0
0
0
0
0
0
0
0
0.223965134
457.3021184
744.4729163
879.1785121
948.4862178
982.6523409
993.0350538
982.6523409
948.4862178
879.1785121
744.4729163
457.3021184
0.223965134
0
0
0
0
0
0
0
0
0
0
0
0.769572164
467.2797469
749.3439501
882.1449935
950.6421173
984.4538693
994.7349417
984.4538693
950.6421173
882.1449935
749.3439501
467.2797469
0.769572164
0
0
0
0
0
0
0
0
0
0
0
1.942377324
477.0290986
754.1094116
885.0509778
952.7547979
986.2192797
996.4006938
986.2192797
952.7547979
885.0509778
754.1094116
477.0290986
1.942377324
0
0
0
0
0
0
0
0
0
0
0
3.990129633
486.5525013
758.7708355
887.8971189
954.8246347
987.9488491
998.0325618
987.9488491
954.8246347
887.8971189
758.7708355
486.5525013
3.990129633
0
0
0
0
0
0
0
0
0
0
0
7.095455363
495.8525729
763.3297649
890.6840847
956.8520169
989.6428684
999.6308115
989.6428684
956.8520169
890.6840847
763.3297649
495.8525729
7.095455363
0
0
0
0
0
0
0
0
0
0
0
11.35973868
504.9321758
767.7877487
893.4125555
958.8373471
991.3016417
1001.195721
991.3016417
958.8373471
893.4125555
767.7877487
504.9321758
11.35973868
0
0
0
0
0
0
0
0
0
0
0
16.80859211
513.794377
772.1463383
896.0832221
960.7810402
992.925485
1002.727582
992.925485
960.7810402
896.0832221
772.1463383
513.794377
16.80859211
0
0
0
0
0
0
0
0
0
0
0
23.40742126
522.4424123
776.4070856
898.6967851
962.6835222
994.5147258
1004.226694
994.5147258
962.6835222
898.6967851
776.4070856
522.4424123
23.40742126
0
0
0
0
0
0
0
0
0
0
0
31.07921965
530.8796542
780.5715407
901.253953
964.5452294
996.0697022
1005.693371
996.0697022
964.5452294
901.253953
780.5715407
530.8796542
31.07921965
0
0
0
0
0
0
0
0
0
0
0
39.72056658
539.1095849
784.6412492
903.7554416
966.3666074
997.5907617
1007.127935
997.5907617
966.3666074
903.7554416
784.6412492
539.1095849
39.72056658
0
0
0
0
0
0
0
0
0
0
0
49.21435204
547.1357707
788.6177508
906.201972
968.1481104
999.0782609
1008.530716
999.0782609
968.1481104
906.201972
788.6177508
547.1357707
49.21435204
0
0
0
0
0
0
0
0
0
0
0
59.43910702
554.961841
792.5025776
908.5942705
969.8902001
1000.532565
1009.902054
1000.532565
969.8902001
908.5942705
792.5025776
554.961841
59.43910702
0
0
0
0
0
0
0
0
0
0
0
70.27539988
562.591469
796.297252
910.9330667
971.593345
1001.954046
1011.242296
1001.954046
971.593345
910.9330667
796.297252
562.591469
70.27539988
0
0
0
0
0
0
0
0
0
0
0
81.60992564
570.0283548
800.0032855
913.2190931
973.2580197
1003.343083
1012.551796
1003.343083
973.2580197
913.2190931
800.0032855
570.0283548
81.60992564
0
0
0
0
0
0
0
0
0
0
0
93.33788748
577.276211
803.6221775
915.453084
974.8847044
1004.700062
1013.830914
1004.700062
974.8847044
915.453084
803.6221775
577.276211
93.33788748
0
0
0
0
0
0
0
0
0
0
0
105.3641712
584.3387497
807.1554137
917.6357746
976.4738837
1006.025375
1015.080017
1006.025375
976.4738837
917.6357746
807.1554137
584.3387497
105.3641712
0
0
0
0
0
0
0
0
0
0
0
117.6037009
591.2196714
810.6044655
919.7679006
978.0260463
1007.319417
1016.299477
1007.319417
978.0260463
919.7679006
810.6044655
591.2196714
117.6037009
0
0
0
0
0
0
0
0
0
0
0
129.9812633
597.9226554
813.9707886
921.8501966
979.5416844
1008.58259
1017.48967
1008.58259
979.5416844
921.8501966
813.9707886
597.9226554
129.9812633
0
0
0
0
0
0
0
0
0
0
0
142.4310068
604.4513511
817.2558222
923.8833963
981.0212929
1009.815298
1018.650978
1009.815298
981.0212929
923.8833963
817.2558222
604.4513511
142.4310068
0
0
0
0
0
0
0
0
0
0
0
154.895757
610.809371
820.4609885
925.8682314
982.4653689
1011.01795
1019.783784
1011.01795
982.4653689
925.8682314
820.4609885
610.809371
154.895757
0
0
0
0
0
0
0
0
0
0
0
167.3262475
617.0002845
823.5876914
927.8054309
983.8744115
1012.190958
1020.888477
1012.190958
983.8744115
927.8054309
823.5876914
617.0002845
167.3262475
0
0
0
0
0
0
0
0
0
0
0
179.6803271
623.0276125
826.6373166
929.6957209
985.2489206
1013.334736
1021.965448
1013.334736
985.2489206
929.6957209
826.6373166
623.0276125
179.6803271
0
0
0
0
0
0
0
0
0
0
0
191.9221855
628.8948229
829.6112303
931.5398236
986.5893972
1014.4497
1023.01509
1014.4497
986.5893972
931.5398236
829.6112303
628.8948229
191.9221855
0
0
0
0
0
0
0
0
0
0
0
204.0216203
634.6053268
832.5107794
933.3384572
987.8963424
1015.536267
1024.0378
1015.536267
987.8963424
933.3384572
832.5107794
634.6053268
204.0216203
0
0
0
0
0
0
0
0
0
0
0
215.9533585
640.1624754
835.3372903
935.0923349
989.1702569
1016.594858
1025.033973
1016.594858
989.1702569
935.0923349
835.3372903
640.1624754
215.9533585
0
0
0
0
0
0
0
0
0
0
0
227.6964387
645.5695576
838.0920693
936.8021652
990.411641
1017.625892
1026.004008
1017.625892
990.411641
936.8021652
838.0920693
645.5695576
227.6964387
0
0
0
0
0
0
0
0
0
0
0
239.2336552
650.8297974
840.7764018
938.4686506
991.6209941
1018.629789
1026.948305
1018.629789
991.6209941
938.4686506
840.7764018
650.8297974
239.2336552
0
0
0
0
0
0
0
0
0
0
0
250.5510613
655.9463528
843.3915521
940.092488
992.7988139
1019.60697
1027.867263
1019.60697
992.7988139
940.092488
843.3915521
655.9463528
250.5510613
0
0
0
0
0
0
0
0
0
0
0
261.6375294
660.9223142
845.9387632
941.6743679
993.9455964
1020.557857
1028.761282
1020.557857
993.9455964
941.6743679
845.9387632
660.9223142
261.6375294
0
0
0
0
0
0
0
0
0
0
0
272.4843631
665.7607034
848.4192567
943.2149739
995.0618355
1021.482868
1029.630762
1021.482868
995.0618355
943.2149739
848.4192567
665.7607034
272.4843631
0
0
0
0
0
0
0
0
0
0
0
283.0849558
670.4644731
850.8342322
944.7149827
996.1480227
1022.382423
1030.476103
1022.382423
996.1480227
944.7149827
850.8342322
670.4644731
283.0849558
0
0
0
0
0
0
0
0
0
0
0
293.4344932
675.0365068
853.1848679
946.1750639
997.2046464
1023.256939
1031.297702
1023.256939
997.2046464
946.1750639
853.1848679
675.0365068
293.4344932
0
0
0
0
0
0
0
0
0
0
0
303.529692
679.4796178
855.4723199
947.595879
998.2321921
1024.106834
1032.095957
1024.106834
998.2321921
947.595879
855.4723199
679.4796178
303.529692
0
0
0
0
0
0
0
0
0
0
0
313.368573
683.79655
857.6977222
948.978082
999.2311417
1024.93252
1032.871264
1024.93252
999.2311417
948.978082
857.6977222
683.79655
313.368573
0
0
0
0
0
0
0
0
0
0
0
322.9502639
687.9899778
859.8621868
950.3223185
1000.201973
1025.73441
1033.624017
1025.73441
1000.201973
950.3223185
859.8621868
687.9899778
322.9502639
0
0
0
0
0
0
0
0
0
0
0
332.2748274
692.0625063
861.9668037
951.6292257
1001.145162
1026.512915
1034.354608
1026.512915
1001.145162
951.6292257
861.9668037
692.0625063
332.2748274
0
0
0
0
0
0
0
0
0
0
0
341.3431126
696.0166721
864.0126407
952.8994321
1002.061176
1027.268441
1035.063427
1027.268441
1002.061176
952.8994321
864.0126407
696.0166721
341.3431126
0
0
0
0
0
0
0
0
0
0
0
350.1566258
699.8549435
866.0007434
954.1335574
1002.950482
1028.001392
1035.750861
1028.001392
1002.950482
954.1335574
866.0007434
699.8549435
350.1566258
0
0
0
0
0
0
0
0
0
0
0
358.7174191
703.5797213
867.9321354
955.3322121
1003.81354
1028.712169
1036.417295
1028.712169
1003.81354
955.3322121
867.9321354
703.5797213
358.7174191
0
0
0
0
0
0
0
0
0
0
0
367.0279939
707.1933394
869.8078181
956.4959972
1004.650805
1029.401169
1037.063111
1029.401169
1004.650805
956.4959972
869.8078181
707.1933394
367.0279939
0
0
0
0
0
0
0
0
0
0
4.65087E-73
375.0912171
710.6980659
871.628771
957.6255045
1005.462727
1030.068787
1037.688685
1030.068787
1005.462727
957.6255045
871.628771
710.6980659
375.0912171
4.65087E-73
0
0
0
0
0
0
0
0
0
1.05055E-19
382.9102494
714.0961037
873.3959513
958.7213158
1006.249751
1030.71541
1038.294393
1030.71541
1006.249751
958.7213158
873.3959513
714.0961037
382.9102494
1.05055E-19
0
0
0
0
0
0
0
0
0
1.208E-10
390.4884833
717.389591
875.1102943
959.7840031
1007.012315
1031.341426
1038.880604
1031.341426
1007.012315
959.7840031
875.1102943
717.389591
390.4884833
1.208E-10
0
0
0
0
0
0
0
0
0
6.68339E-07
397.8294893
720.5806031
876.7727136
960.8141282
1007.750852
1031.947213
1039.447686
1031.947213
1007.750852
960.8141282
876.7727136
720.5806031
397.8294893
6.68339E-07
0
0
0
0
0
0
0
0
0
7.38269E-05
404.9369703
723.6711524
878.3841005
961.8122428
1008.465788
1032.533149
1039.996
1032.533149
1008.465788
961.8122428
878.3841005
723.6711524
404.9369703
7.38269E-05
0
0
0
0
0
0
0
0
0
0.001426692
411.8147219
726.6631898
879.9453249
962.7788879
1009.157542
1033.099604
1040.525904
1033.099604
1009.157542
962.7788879
879.9453249
726.6631898
411.8147219
0.001426692
0
0
0
0
0
0
0
0
0
0.010906229
418.4665983
729.5586055
881.4572345
963.7145942
1009.826528
1033.646943
1041.03775
1033.646943
1009.826528
963.7145942
881.4572345
729.5586055
418.4665983
0.010906229
0
0
0
0
0
0
0
0
0
0.048005111
424.8964839
732.3592301
882.9206558
964.6198814
1010.473152
1034.175527
1041.531886
1034.175527
1010.473152
964.6198814
882.9206558
732.3592301
424.8964839
0.048005111
0
0
0
0
0
0
0
0
0
0.148134004
431.1082678
735.0668354
884.3363932
965.4952584
1011.097811
1034.685711
1042.008654
1034.685711
1011.097811
965.4952584
884.3363932
735.0668354
431.1082678
0.148134004
0
0
0
0
0
0
0
0
0
0.358855509
437.1058233
737.6831352
885.7052299
966.341223
1011.700899
1035.177842
1042.46839
1035.177842
1011.700899
966.341223
885.7052299
737.6831352
437.1058233
0.358855509
0
0
0
0
0
0
0
0
0
0.731710402
442.8929896
740.2097865
887.0279273
967.1582618
1012.282798
1035.652264
1042.911425
1035.652264
1012.282798
967.1582618
887.0279273
740.2097865
442.8929896
0.731710402
0
0
0
0
0
0
0
0
0
1.3138969
448.4735567
742.6483903
888.3052257
967.94685
1012.843885
1036.109312
1043.338085
1036.109312
1012.843885
967.94685
888.3052257
742.6483903
448.4735567
1.3138969
0
0
0
0
0
0
0
0
0
2.142390874
453.8512529
745.0004923
889.5378437
968.7074514
1013.384529
1036.549315
1043.748689
1036.549315
1013.384529
968.7074514
889.5378437
745.0004923
453.8512529
2.142390874
0
0
0
0
0
0
0
0
0
3.241093975
459.0297332
747.2675842
890.726479
969.4405181
1013.905088
1036.972597
1044.143547
1036.972597
1013.905088
969.4405181
890.726479
747.2675842
459.0297332
3.241093975
0
0
0
0
0
0
0
0
0
4.620466508
464.0125713
749.4511041
891.8718075
970.1464905
1014.405915
1037.379473
1044.522967
1037.379473
1014.405915
970.1464905
891.8718075
749.4511041
464.0125713
4.620466508
0
0
0
0
0
0
0
0
0
6.278768882
468.8032515
751.5524377
892.9744846
970.8257969
1014.887353
1037.770252
1044.887246
1037.770252
1014.887353
970.8257969
892.9744846
751.5524377
468.8032515
6.278768882
0
0
0
0
0
0
0
0
0
8.204122396
473.4051626
753.5729188
894.035144
971.4788538
1015.349736
1038.145234
1045.236677
1038.145234
1015.349736
971.4788538
894.035144
753.5729188
473.4051626
8.204122396
0
0
0
0
0
0
0
0
0
10.37682403
477.8215931
755.5138302
895.0543986
972.1060654
1015.793389
1038.504714
1045.571545
1038.504714
1015.793389
972.1060654
895.0543986
755.5138302
477.8215931
10.37682403
0
0
0
0
0
0
0
0
0
12.77156955
482.055727
757.3764049
896.0328404
972.7078238
1016.21863
1038.848976
1045.892126
1038.848976
1016.21863
972.7078238
896.0328404
757.3764049
482.055727
12.77156955
0
0
0
0
0
0
0
0
0
15.35940654
486.1106407
759.1618259
896.9710403
973.2845084
1016.625765
1039.178298
1046.19869
1039.178298
1016.625765
973.2845084
896.9710403
759.1618259
486.1106407
15.35940654
0
0
0
0
0
0
0
0
0
18.10934914
489.9893001
760.8712278
897.8695481
973.8364863
1017.015092
1039.49295
1046.491498
1039.49295
1017.015092
973.8364863
897.8695481
760.8712278
489.9893001
18.10934914
0
0
0
0
0
0
0
0
0
20.98965197
493.6945594
762.5056971
898.7288932
974.364112
1017.386899
1039.793194
1046.770804
1039.793194
1017.386899
974.364112
898.7288932
762.5056971
493.6945594
20.98965197
0
0
0
0
0
0
0
0
0
23.9687741
497.2291589
764.0662728
899.5495838
974.8677272
1017.741465
1040.079281
1047.036854
1040.079281
1017.741465
974.8677272
899.5495838
764.0662728
497.2291589
23.9687741
0
0
0
0
0
0
0
0
0
27.01607889
500.5957245
765.5539472
900.3321074
975.3476605
1018.079058
1040.351455
1047.289884
1040.351455
1018.079058
975.3476605
900.3321074
765.5539472
500.5957245
27.01607889
0
0
0
0
0
0
0
0
0
30.10231771
503.7967673
766.9696665
901.0769308
975.8042279
1018.399936
1040.609951
1047.530123
1040.609951
1018.399936
975.8042279
901.0769308
766.9696665
503.7967673
30.10231771
0
0
0
0
0
0
0
0
0
33.19994307
506.8346826
768.3143312
901.7845002
976.237732
1018.704348
1040.854996
1047.75779
1040.854996
1018.704348
976.237732
901.7845002
768.3143312
506.8346826
33.19994307
0
0
0
0
0
0
0
0
0
36.28329041
509.7117505
769.5887967
902.4552409
976.6484626
1018.992531
1041.086806
1047.973097
1041.086806
1018.992531
976.6484626
902.4552409
769.5887967
509.7117505
36.28329041
0
0
0
0
0
0
0
0
0
39.32866179
512.4301358
770.7938742
903.0895577
977.0366957
1019.264713
1041.305588
1048.176245
1041.305588
1019.264713
977.0366957
903.0895577
770.7938742
512.4301358
39.32866179
0
0
0
0
0
0
0
0
0
42.31433793
514.9918882
771.9303304
903.6878347
977.4026945
1019.52111
1041.51154
1048.367427
1041.51154
1019.52111
977.4026945
903.6878347
771.9303304
514.9918882
42.31433793
0
0
0
0
0
0
0
0
0
45.22053971
517.3989429
772.998889
904.2504354
977.7467084
1019.761928
1041.70485
1048.546825
1041.70485
1019.761928
977.7467084
904.2504354
772.998889
517.3989429
45.22053971
0
0
0
0
0
0
0
0
0
48.02935568
519.6531212
774.0002302
904.7777029
978.0689732
1019.987363
1041.885697
1048.714613
1041.885697
1019.987363
978.0689732
904.7777029
774.0002302
519.6531212
48.02935568
0
0
0
0
0
0
0
0
0
50.72464765
521.7561309
774.9349916
905.2699594
978.3697112
1020.197599
1042.054248
1048.870956
1042.054248
1020.197599
978.3697112
905.2699594
774.9349916
521.7561309
50.72464765
0
0
0
0
0
0
0
0
0
53.2919441
523.709567
775.8037685
905.7275069
978.6491311
1020.392807
1042.210663
1049.016007
1042.210663
1020.392807
978.6491311
905.7275069
775.8037685
523.709567
53.2919441
0
0
0
0
0
0
0
0
0
55.71832798
525.5149127
776.6071143
906.1506267
978.9074276
1020.573151
1042.355088
1049.149912
1042.355088
1020.573151
978.9074276
906.1506267
776.6071143
525.5149127
55.71832798
0
0
0
0
0
0
0
0
0
57.99232409
527.1735395
777.3455408
906.5395796
979.1447815
1020.738779
1042.487663
1049.272803
1042.487663
1020.738779
979.1447815
906.5395796
777.3455408
527.1735395
57.99232409
0
0
0
0
0
0
0
0
0
60.10378948
528.6867087
778.0195184
906.8946059
979.36136
1020.889832
1042.608514
1049.384806
1042.608514
1020.889832
979.36136
906.8946059
778.0195184
528.6867087
60.10378948
0
0
0
0
0
0
0
0
0
62.04380947
530.0555711
778.6294766
907.2159255
979.5573159
1021.026437
1042.717758
1049.486034
1042.717758
1021.026437
979.5573159
907.2159255
778.6294766
530.0555711
62.04380947
0
0
0
0
0
0
0
0
0
63.80460072
531.2811686
779.1758042
907.5037377
979.7327882
1021.148709
1042.815502
1049.576591
1042.815502
1021.148709
979.7327882
907.5037377
779.1758042
531.2811686
63.80460072
0
0
0
0
0
0
0
0
0
65.37942265
532.3644342
779.6588492
907.7582215
979.8879017
1021.256752
1042.901841
1049.656571
1042.901841
1021.256752
979.8879017
907.7582215
779.6588492
532.3644342
65.37942265
0
0
0
0
0
0
0
0
0
66.76249767
533.3061928
780.0789197
907.9795352
980.0227672
1021.350659
1042.97686
1049.726055
1042.97686
1021.350659
980.0227672
907.9795352
780.0789197
533.3061928
66.76249767
0
0
0
0
0
0
0
0
0
67.94894066
534.1071619
780.4362833
908.1678169
980.1374811
1021.430511
1043.040633
1049.785117
1043.040633
1021.430511
980.1374811
908.1678169
780.4362833
534.1071619
67.94894066
0
0
0
0
0
0
0
0
0
68.93469768
534.7679515
780.731168
908.3231841
980.2321257
1021.496375
1043.093224
1049.833818
1043.093224
1021.496375
980.2321257
908.3231841
780.731168
534.7679515
68.93469768
0
0
0
0
0
0
0
0
0
69.71649416
535.2890652
780.9637617
908.4457338
980.306769
1021.54831
1043.134685
1049.872209
1043.134685
1021.54831
980.306769
908.4457338
780.9637617
535.2890652
69.71649416
0
0
0
0
0
0
0
0
0
70.29179221
535.6709001
781.1342126
908.5355427
980.3614647
1021.58636
1043.165056
1049.90033
1043.165056
1021.58636
980.3614647
908.5355427
781.1342126
535.6709001
70.29179221
0
0
0
0
0
0
0
0
0
70.65875716
535.9137471
781.2426296
908.5926669
980.3962523
1021.610558
1043.184369
1049.918212
1043.184369
1021.610558
980.3962523
908.5926669
781.2426296
535.9137471
70.65875716
0
0
0
0
0
0
0
0
0
70.81623312
536.0177914
781.2890817
908.6171424
980.4111567
1021.620925
1043.192642
1049.925872
1043.192642
1021.620925
980.4111567
908.6171424
781.2890817
536.0177914
70.81623312
0
0
0
0
0
0
0
0
0
70.76372748
535.9831122
781.2735985
908.6089843
980.4061889
1021.617469
1043.189885
1049.923318
1043.189885
1021.617469
980.4061889
908.6089843
781.2735985
535.9831122
70.76372748
0
0
0
0
0
0
0
0
0
70.50140425
535.809683
781.1961701
908.5681877
980.3813451
1021.600189
1043.176093
1049.91055
1043.176093
1021.600189
980.3813451
908.5681877
781.1961701
535.809683
70.50140425
0
0
0
0
0
0
0
0
0
70.03008631
535.4973718
781.0567473
908.4947268
980.3366075
1021.569068
1043.151254
1049.887551
1043.151254
1021.569068
980.3366075
908.4947268
781.0567473
535.4973718
70.03008631
0
0
0
0
0
0
0
0
0
69.35126644
535.0459405
780.855241
908.3885558
980.2719438
1021.524081
1043.115343
1049.8543
1043.115343
1021.524081
980.2719438
908.3885558
780.855241
535.0459405
69.35126644
0
0
0
0
0
0
0
0
0
68.4671273
534.4550451
780.5915229
908.2496083
980.1873075
1021.465188
1043.068323
1049.810759
1043.068323
1021.465188
980.1873075
908.2496083
780.5915229
534.4550451
68.4671273
0
0
0
0
0
0
0
0
0
67.38057037
533.7242354
780.2654247
908.0777973
980.0826376
1021.392337
1043.010148
1049.756885
1043.010148
1021.392337
980.0826376
908.0777973
780.2654247
533.7242354
67.38057037
0
0
0
0
0
0
0
0
0
66.095254
532.8529545
779.8767386
907.8730155
979.9578591
1021.305467
1042.940761
1049.69262
1042.940761
1021.305467
979.9578591
907.8730155
779.8767386
532.8529545
66.095254
0
0
0
0
0
0
0
0
0
64.61564065
531.8405388
779.4252168
907.6351353
979.8128825
1021.204503
1042.860091
1049.617898
1042.860091
1021.204503
979.8128825
907.6351353
779.4252168
531.8405388
64.61564065
0
0
0
0
0
0
0
0
0
62.94705343
530.6862171
778.9105715
907.3640084
979.6476043
1021.089358
1042.768061
1049.53264
1042.768061
1021.089358
979.6476043
907.3640084
778.9105715
530.6862171
62.94705343
0
0
0
0
0
0
0
0
0
61.09574205
529.3891105
778.3324747
907.0594661
979.4619067
1020.959933
1042.66458
1049.43676
1042.66458
1020.959933
979.4619067
907.0594661
778.3324747
529.3891105
61.09574205
0
0
0
0
0
0
0
0
0
59.06895791
527.9482318
777.6905579
906.7213194
979.2556578
1020.81612
1042.549546
1049.330158
1042.549546
1020.81612
979.2556578
906.7213194
777.6905579
527.9482318
59.06895791
0
0
0
0
0
0
0
0
0
56.87503841
526.3624846
776.9844121
906.3493585
979.0287116
1020.657795
1042.422849
1049.212726
1042.422849
1020.657795
979.0287116
906.3493585
776.9844121
526.3624846
56.87503841
0
0
0
0
0
0
0
0
0
54.5234998
524.6306628
776.2135873
905.9433535
978.7809081
1020.484827
1042.284365
1049.084344
1042.284365
1020.484827
978.7809081
905.9433535
776.2135873
524.6306628
54.5234998
0
0
0
0
0
0
0
0
0
52.02513773
522.7514503
775.3775925
905.5030537
978.5120735
1020.297071
1042.133963
1048.944884
1042.133963
1020.297071
978.5120735
905.5030537
775.3775925
522.7514503
52.02513773
0
0
0
0
0
0
0
0
0
49.39213439
520.7234198
774.4758952
905.0281882
978.2220197
1020.09437
1041.971499
1048.794205
1041.971499
1020.09437
978.2220197
905.0281882
774.4758952
520.7234198
49.39213439
0
0
0
0
0
0
0
0
0
46.63816991
518.5450322
773.5079209
904.5184652
977.9105452
1019.876557
1041.796821
1048.63216
1041.796821
1019.876557
977.9105452
904.5184652
773.5079209
518.5450322
46.63816991
0
0
0
0
0
0
0
0
0
43.77853533
516.2146362
772.4730534
903.9735727
977.5774345
1019.643454
1041.609764
1048.458587
1041.609764
1019.643454
977.5774345
903.9735727
772.4730534
516.2146362
43.77853533
0
0
0
0
0
0
0
0
0
40.83024272
513.7304674
771.3706337
903.393178
977.2224585
1019.394871
1041.410156
1048.27332
1041.410156
1019.394871
977.2224585
903.393178
771.3706337
513.7304674
40.83024272
0
0
0
0
0
0
0
0
0
37.81212668
511.0906477
770.19996
902.7769278
976.8453746
1019.130608
1041.197813
1048.076179
1041.197813
1019.130608
976.8453746
902.7769278
770.19996
511.0906477
37.81212668
0
0
0
0
0
0
0
0
0
34.74492914
508.2931845
768.9602871
902.1244484
976.4459264
1018.850453
1040.972542
1047.866976
1040.972542
1018.850453
976.4459264
902.1244484
768.9602871
508.2931845
34.74492914
0
0
0
0
0
0
0
0
0
31.65135663
505.3359707
767.6508261
901.4353452
976.0238444
1018.554185
1040.734142
1047.645515
1040.734142
1018.554185
976.0238444
901.4353452
767.6508261
505.3359707
31.65135663
0
0
0
0
0
0
0
0
0
28.55609582
502.2167838
766.2707439
900.7092033
975.5788457
1018.241571
1040.482398
1047.411588
1040.482398
1018.241571
975.5788457
900.7092033
766.2707439
502.2167838
28.55609582
0
0
0
0
0
0
0
0
0
25.48576863
498.9332863
764.8191625
899.9455868
975.110634
1017.912367
1040.217092
1047.164982
1040.217092
1017.912367
975.110634
899.9455868
764.8191625
498.9332863
25.48576863
0
0
0
0
0
0
0
0
0
22.46880321
495.4830248
763.2951585
899.1440393
974.6189001
1017.56632
1039.937991
1046.905471
1039.937991
1017.56632
974.6189001
899.1440393
763.2951585
495.4830248
22.46880321
0
0
0
0
0
0
0
0
0
19.535191
491.8634308
761.697763
898.3040838
974.1033216
1017.203168
1039.644857
1046.632823
1039.644857
1017.203168
974.1033216
898.3040838
761.697763
491.8634308
19.535191
0
0
0
0
0
0
0
0
0
16.71609363
488.0718212
760.0259602
897.4252221
973.5635632
1016.822636
1039.337441
1046.346797
1039.337441
1016.822636
973.5635632
897.4252221
760.0259602
488.0718212
16.71609363
0
0
0
0
0
0
0
0
0
14.04325711
484.1053984
758.2786875
896.5069357
972.999277
1016.424442
1039.015487
1046.047143
1039.015487
1016.424442
972.999277
896.5069357
758.2786875
484.1053984
14.04325711
0
0
0
0
0
0
0
0
0
11.54818595
479.9612523
756.4548346
895.548685
972.4101022
1016.008292
1038.678729
1045.733604
1038.678729
1016.008292
972.4101022
895.548685
756.4548346
479.9612523
11.54818595
0
0
0
0
0
0
0
0
0
9.261029394
475.6363614
754.5532425
894.5499094
971.7956655
1015.573884
1038.326894
1045.405914
1038.326894
1015.573884
971.7956655
894.5499094
754.5532425
475.6363614
9.261029394
0
0
0
0
0
0
0
0
0
7.209139384
471.1275952
752.5727034
893.5100277
971.155581
1015.120905
1037.959699
1045.0638
1037.959699
1015.120905
971.155581
893.5100277
752.5727034
471.1275952
7.209139384
0
0
0
0
0
0
0
0
0
5.415283189
466.431717
750.5119596
892.4284374
970.4894506
1014.649036
1037.576856
1044.70698
1037.576856
1014.649036
970.4894506
892.4284374
750.5119596
466.431717
5.415283189
0
0
0
0
0
0
0
0
0
3.895541138
461.5453876
748.3697028
891.3045151
969.7968641
1014.157946
1037.178067
1044.335168
1037.178067
1014.157946
969.7968641
891.3045151
748.3697028
461.5453876
3.895541138
0
0
0
0
0
0
0
0
0
2.657006319
456.4651696
746.1445734
890.1376164
969.0773988
1013.647297
1036.763027
1043.948067
1036.763027
1013.647297
969.0773988
890.1376164
746.1445734
456.4651696
2.657006319
0
0
0
0
0
0
0
0
0
1.695540832
451.1875334
743.8351595
888.9270757
968.3306206
1013.11674
1036.331424
1043.545374
1036.331424
1013.11674
968.3306206
888.9270757
743.8351595
451.1875334
1.695540832
0
0
0
0
0
0
0
0
0
0.994039052
445.7088635
741.4399964
887.672206
967.556083
1012.56592
1035.882939
1043.126782
1035.882939
1012.56592
967.556083
887.672206
741.4399964
445.7088635
0.994039052
0
0
0
0
0
0
0
0
0
0.521880621
440.0254669
738.9575655
886.3722992
966.7533282
1011.994474
1035.417246
1042.691975
1035.417246
1011.994474
966.7533282
886.3722992
738.9575655
440.0254669
0.521880621
0
0
0
0
0
0
0
0
0
0.236437025
434.1335831
736.3862936
885.026626
965.9218866
1011.402028
1034.934011
1042.24063
1034.934011
1011.402028
965.9218866
885.026626
736.3862936
434.1335831
0.236437025
0
0
0
0
0
0
0
0
0
0.087417387
428.0293959
733.7245517
883.6344355
965.0612773
1010.788202
1034.432897
1041.77242
1034.432897
1010.788202
965.0612773
883.6344355
733.7245517
428.0293959
0.087417387
0
0
0
0
0
0
0
0
0
0.024151529
421.7090468
730.9706546
882.1949554
964.1710081
1010.15261
1033.913557
1041.28701
1033.913557
1010.15261
964.1710081
882.1949554
730.9706546
421.7090468
0.024151529
0
0
0
0
0
0
0
0
0
0.004301028
415.1686521
728.1228595
880.7073919
963.2505757
1009.494856
1033.37564
1040.784063
1033.37564
1009.494856
963.2505757
880.7073919
728.1228595
415.1686521
0.004301028
0
0
0
0
0
0
0
0
0
0.000377571
408.4043224
725.1793655
879.1709295
962.2994656
1008.814537
1032.818789
1040.263231
1032.818789
1008.814537
962.2994656
879.1709295
725.1793655
408.4043224
0.000377571
0
0
0
0
0
0
0
0
0
9.49624E-06
401.412185
722.1383122
877.5847312
961.3171528
1008.111244
1032.242639
1039.724167
1032.242639
1008.111244
961.3171528
877.5847312
722.1383122
401.412185
9.49624E-06
0
0
0
0
0
0
0
0
0
1.88596E-08
394.1884109
718.9977793
875.9479382
960.3031012
1007.384561
1031.646824
1039.166514
1031.646824
1007.384561
960.3031012
875.9479382
718.9977793
394.1884109
1.88596E-08
0
0
0
0
0
0
0
0
0
5.47855E-14
386.7292466
715.755785
874.2596699
959.2567646
1006.634064
1031.03097
1038.589913
1031.03097
1006.634064
959.2567646
874.2596699
715.755785
386.7292466
5.47855E-14
0
0
0
0
0
0
0
0
0
1.0338E-31
379.0310498
712.4102858
872.5190237
958.1775862
1005.859324
1030.394699
1037.993999
1030.394699
1005.859324
958.1775862
872.5190237
712.4102858
379.0310498
1.0338E-31
0
0
0
0
0
0
0
0
0
0
371.090333
708.9591749
870.7250755
957.064999
1005.059906
1029.737626
1037.378405
1029.737626
1005.059906
957.064999
870.7250755
708.9591749
371.090333
0
0
0
0
0
0
0
0
0
0
0
362.9038123
705.400282
868.8768787
955.9184261
1004.235368
1029.059366
1036.742757
1029.059366
1004.235368
955.9184261
868.8768787
705.400282
362.9038123
0
0
0
0
0
0
0
0
0
0
0
354.4684656
701.7313717
866.9734651
954.7372808
1003.385263
1028.359527
1036.086679
1028.359527
1003.385263
954.7372808
866.9734651
701.7313717
354.4684656
0
0
0
0
0
0
0
0
0
0
0
345.781599
697.950143
865.0138443
953.5209665
1002.509139
1027.637713
1035.409793
1027.637713
1002.509139
953.5209665
865.0138443
697.950143
345.781599
0
0
0
0
0
0
0
0
0
0
0
336.8409246
694.0542287
862.9970038
952.2688775
1001.606536
1026.893525
1034.711715
1026.893525
1001.606536
952.2688775
862.9970038
694.0542287
336.8409246
0
0
0
0
0
0
0
0
0
0
0
327.6446503
690.0411943
860.9219089
950.9803988
1000.676994
1026.12656
1033.992058
1026.12656
1000.676994
950.9803988
860.9219089
690.0411943
327.6446503
0
0
0
0
0
0
0
0
0
0
0
318.1915834
685.9085375
858.787503
949.654906
999.7200426
1025.336414
1033.250435
1025.336414
999.7200426
949.654906
858.787503
685.9085375
318.1915834
0
0
0
0
0
0
0
0
0
0
0
308.4812505
681.6536874
856.5927072
948.2917665
998.7352114
1024.522677
1032.486454
1024.522677
998.7352114
948.2917665
856.5927072
681.6536874
308.4812505
0
0
0
0
0
0
0
0
0
0
0
298.5140367
677.2740045
854.3364205
946.8903386
997.7220238
1023.684938
1031.699722
1023.684938
997.7220238
946.8903386
854.3364205
677.2740045
298.5140367
0
0
0
0
0
0
0
0
0
0
0
288.2913447
672.7667795
852.0175198
945.4499727
996.6799995
1022.822785
1030.889845
1022.822785
996.6799995
945.4499727
852.0175198
672.7667795
288.2913447
0
0
0
0
0
0
0
0
0
0
0
277.8157792
668.1292338
849.63486
943.9700109
995.608655
1021.935801
1030.056425
1021.935801
995.608655
943.9700109
849.63486
668.1292338
277.8157792
0
0
0
0
0
0
0
0
0
0
0
267.0913588
663.3585191
847.1872742
942.4497877
994.5075031
1021.023571
1029.199065
1021.023571
994.5075031
942.4497877
847.1872742
663.3585191
267.0913588
0
0
0
0
0
0
0
0
0
0
0
256.1237589
658.4517173
844.6735732
940.8886298
993.3760539
1020.085674
1028.317365
1020.085674
993.3760539
940.8886298
844.6735732
658.4517173
256.1237589
0
0
0
0
0
0
0
0
0
0
0
244.9205913
653.4058409
842.0925466
939.285857
992.2138146
1019.121693
1027.410926
1019.121693
992.2138146
939.285857
842.0925466
653.4058409
244.9205913
0
0
0
0
0
0
0
0
0
0
0
233.4917226
648.2178339
839.4429619
937.6407823
991.0202903
1018.131206
1026.479349
1018.131206
991.0202903
937.6407823
839.4429619
648.2178339
233.4917226
0
0
0
0
0
0
0
0
0
0
0
221.8496381
642.8845718
836.7235655
935.9527119
989.794984
1017.113793
1025.522233
1017.113793
989.794984
935.9527119
836.7235655
642.8845718
221.8496381
0
0
0
0
0
0
0
0
0
0
0
210.0098558
637.4028635
833.9330825
934.2209461
988.5373971
1016.069034
1024.539178
1016.069034
988.5373971
934.2209461
833.9330825
637.4028635
210.0098558
0
0
0
0
0
0
0
0
0
0
0
197.9913934
631.7694522
831.0702171
932.4447794
987.2470299
1014.996507
1023.529787
1014.996507
987.2470299
932.4447794
831.0702171
631.7694522
197.9913934
0
0
0
0
0
0
0
0
0
0
0
185.8172948
625.9810178
828.1336528
930.6235007
985.9233817
1013.895794
1022.493661
1013.895794
985.9233817
930.6235007
828.1336528
625.9810178
185.8172948
0
0
0
0
0
0
0
0
0
0
0
173.5152165
620.0341787
825.1220529
928.7563944
984.5659514
1012.766475
1021.430403
1012.766475
984.5659514
928.7563944
825.1220529
620.0341787
173.5152165
0
0
0
0
0
0
0
0
0
0
0
161.1180767
613.9254948
822.0340608
926.8427401
983.1742382
1011.608134
1020.33962
1011.608134
983.1742382
926.8427401
822.0340608
613.9254948
161.1180767
0
0
0
0
0
0
0
0
0
0
0
148.6647612
607.6514713
818.8683006
924.8818138
981.7477413
1010.420355
1019.220919
1010.420355
981.7477413
924.8818138
818.8683006
607.6514713
148.6647612
0
0
0
0
0
0
0
0
0
0
0
136.2008804
601.2085625
815.6233773
922.8728877
980.2859613
1009.202726
1018.073911
1009.202726
980.2859613
922.8728877
815.6233773
601.2085625
136.2008804
0
0
0
0
0
0
0
0
0
0
0
123.7795558
594.5931767
812.2978778
920.8152314
978.7884001
1007.954837
1016.898208
1007.954837
978.7884001
920.8152314
812.2978778
594.5931767
123.7795558
0
0
0
0
0
0
0
0
0
0
0
111.4622076
587.8016821
808.8903713
918.7081122
977.2545614
1006.67628
1015.693429
1006.67628
977.2545614
918.7081122
808.8903713
587.8016821
111.4622076
0
0
0
0
0
0
0
0
0
0
0
99.31929157
580.8304133
805.3994102
916.5507959
975.6839518
1005.366652
1014.459195
1005.366652
975.6839518
916.5507959
805.3994102
580.8304133
99.31929157
0
0
0
0
0
0
0
0
0
0
0
87.43090599
573.6756794
801.823531
914.342547
974.0760807
1004.025555
1013.19513
1004.025555
974.0760807
914.342547
801.823531
573.6756794
87.43090599
0
0
0
0
0
0
0
0
0
0
0
75.88715145
566.3337727
798.1612548
912.0826302
972.4304612
1002.652596
1011.900866
1002.652596
972.4304612
912.0826302
798.1612548
566.3337727
75.88715145
0
0
0
0
0
0
0
0
0
0
0
64.78807127
558.8009795
794.4110891
909.7703106
970.7466111
1001.247385
1010.57604
1001.247385
970.7466111
909.7703106
794.4110891
558.8009795
64.78807127
0
0
0
0
0
0
0
0
0
0
0
54.24292821
551.0735915
790.5715282
907.4048547
969.0240528
999.8095392
1009.220294
999.8095392
969.0240528
907.4048547
790.5715282
551.0735915
54.24292821
0
0
0
0
0
0
0
0
0
0
0
44.36848193
543.1479203
786.6410549
904.9855313
967.2623146
998.3386837
1007.833278
998.3386837
967.2623146
904.9855313
786.6410549
543.1479203
44.36848193
0
0
0
0
0
0
0
0
0
0
0
35.2858232
535.0203123
782.6181418
902.5116123
965.4609314
996.8344495
1006.414647
996.8344495
965.4609314
902.5116123
782.6181418
535.0203123
35.2858232
0
0
0
0
0
0
0
0
0
0
0
27.11521034
526.687167
778.501253
899.9823739
963.619445
995.2964756
1004.964067
995.2964756
963.619445
899.9823739
778.501253
526.687167
27.11521034
0
0
0
0
0
0
0
0
0
0
0
19.96828043
518.1449575
774.2888453
897.3970974
961.7374056
993.7244098
1003.481212
993.7244098
961.7374056
897.3970974
774.2888453
518.1449575
19.96828043
0
0
0
0
0
0
0
0
0
0
0
13.93705613
509.3902529
769.9793707
894.7550707
959.8143719
992.1179093
1001.965764
992.1179093
959.8143719
894.7550707
769.9793707
509.3902529
13.93705613
0
0
0
0
0
0
0
0
0
0
0
9.079507617
500.4197456
765.5712781
892.055589
957.8499128
990.4766413
1000.417416
990.4766413
957.8499128
892.055589
765.5712781
500.4197456
9.079507617
0
0
0
0
0
0
0
0
0
0
0
5.402344781
491.2302798
761.0630153
889.2979565
955.8436077
988.8002838
998.8358719
988.8002838
955.8436077
889.2979565
761.0630153
491.2302798
5.402344781
0
0
0
0
0
0
0
0
0
0
0
2.843619418
481.8188862
756.453032
886.4814873
953.7950478
987.0885267
997.220847
987.0885267
953.7950478
886.4814873
756.453032
481.8188862
2.843619418
0
0
0
0
0
0
0
0
0
0
0
1.260955099
472.1828192
751.7397817
883.6055073
951.7038369
985.3410723
995.5720693
985.3410723
951.7038369
883.6055073
751.7397817
472.1828192
1.260955099
0
0
0
0
0
0
0
0
0
0
0
0.435326436
462.3196
746.9217253
880.6693553
949.5695927
983.5576366
993.8892799
983.5576366
949.5695927
880.6693553
746.9217253
462.3196
0.435326436
0
0
0
0
0
0
0
0
0
0
0
0.102129957
452.2270648
741.9973334
877.6723847
947.3919481
981.7379499
992.1722343
981.7379499
947.3919481
877.6723847
741.9973334
452.2270648
0.102129957
0
0
0
0
0
0
0
0
0
0
0
0.012600813
441.9034192
736.9650903
874.6139653
945.1705519
979.8817579
990.4207028
979.8817579
945.1705519
874.6139653
736.9650903
441.9034192
0.012600813
0
0
0
0
0
0
0
0
0
0
0
0.000472933
431.3472991
731.8234972
871.4934849
942.9050703
977.9888229
988.6344723
977.9888229
942.9050703
871.4934849
731.8234972
431.3472991
0.000472933
0
0
0
0
0
0
0
0
0
0
0
1.31059E-06
420.5578396
726.5710765
868.3103514
940.5951882
976.0589246
986.8133462
976.0589246
940.5951882
868.3103514
726.5710765
420.5578396
1.31059E-06
0
0
0
0
0
0
0
0
0
0
0
1.57438E-12
409.5347518
721.2063753
865.0639943
938.2406107
974.0918612
984.9571466
974.0918612
938.2406107
865.0639943
721.2063753
409.5347518
1.57438E-12
0
0
0
0
0
0
0
0
0
0
0
3.73667E-41
398.278409
715.7279708
861.7538672
935.8410641
972.087451
983.0657143
972.087451
935.8410641
861.7538672
715.7279708
398.278409
3.73667E-41
0
0
0
0
0
0
0
0
0
0
0
0
386.7899436
710.1344744
858.37945
933.396298
970.045533
981.1389109
970.045533
933.396298
858.37945
710.1344744
386.7899436
0
0
0
0
0
0
0
0
0
0
0
0
0
375.0713547
704.4245373
854.9402508
930.9060861
967.9659684
979.176619
967.9659684
930.9060861
854.9402508
704.4245373
375.0713547
0
0
0
0
0
0
0
0
0
0
0
0
0
363.125629
698.5968562
851.4358086
928.3702283
965.8486419
977.1787444
965.8486419
928.3702283
851.4358086
698.5968562
363.125629
0
0
0
0
0
0
0
0
0
0
0
0
0
350.9568746
692.6501788
847.8656958
925.7885522
963.6934633
975.1452163
963.6934633
925.7885522
847.8656958
692.6501788
350.9568746
0
0
0
0
0
0
0
0
0
0
0
0
0
338.5704706
686.5833107
844.2295209
923.1609151
961.5003682
973.0759894
961.5003682
923.1609151
844.2295209
686.5833107
338.5704706
0
0
0
0
0
0
0
0
0
0
0
0
0
325.9732325
680.3951221
840.5269308
920.4872052
959.26932
970.971045
959.26932
920.4872052
840.5269308
680.3951221
325.9732325
0
0
0
0
0
0
0
0
0
0
0
0
0
313.1735959
674.0845547
836.7576145
917.7673439
957.0003112
968.8303921
957.0003112
917.7673439
836.7576145
674.0845547
313.1735959
0
0
0
0
0
0
0
0
0
0
0
0
0
300.1818182
667.6506301
832.9213054
915.0012878
954.6933649
966.6540691
954.6933649
915.0012878
832.9213054
667.6506301
300.1818182
0
0
0
0
0
0
0
0
0
0
0
0
0
287.0102015
661.0924574
829.0177847
912.1890303
952.3485364
964.442145
952.3485364
912.1890303
829.0177847
661.0924574
287.0102015
0
0
0
0
0
0
0
0
0
0
0
0
0
273.6733354
654.4092424
825.0468848
909.330604
949.9659146
962.1947213
949.9659146
909.330604
825.0468848
654.4092424
273.6733354
0
0
0
0
0
0
0
0
0
0
0
0
0
260.1883624
647.6002966
821.0084926
906.4260826
947.545624
959.9119329
947.545624
906.4260826
821.0084926
647.6002966
260.1883624
0
0
0
0
0
0
0
0
0
0
0
0
0
246.5752642
640.6650469
816.902553
903.4755832
945.0878261
957.5939502
945.0878261
903.4755832
816.902553
640.6650469
246.5752642
0
0
0
0
0
0
0
0
0
0
0
0
0
232.8571695
633.6030463
812.7290726
900.4792686
942.5927213
955.2409804
942.5927213
900.4792686
812.7290726
633.6030463
232.8571695
0
0
0
0
0
0
0
0
0
0
0
0
0
219.0606802
626.4139844
808.4881233
897.4373492
940.0605504
952.8532694
940.0605504
897.4373492
808.4881233
626.4139844
219.0606802
0
0
0
0
0
0
0
0
0
0
0
0
0
205.2162143
619.0976989
804.1798468
894.350086
937.4915969
950.4311031
937.4915969
894.350086
804.1798468
619.0976989
205.2162143
0
0
0
0
0
0
0
0
0
0
0
0
0
191.3583579
611.6541877
799.8044579
891.2177924
934.8861882
947.9748091
934.8861882
891.2177924
799.8044579
611.6541877
191.3583579
0
0
0
0
0
0
0
0
0
0
0
0
0
177.5262201
604.0836215
795.3622492
888.0408371
932.2446981
945.4847589
932.2446981
888.0408371
795.3622492
604.0836215
177.5262201
0
0
0
0
0
0
0
0
0
0
0
0
0
163.7637772
596.3863566
790.8535951
884.8196463
929.5675481
942.9613691
929.5675481
884.8196463
790.8535951
596.3863566
163.7637772
0
0
0
0
0
0
0
0
0
0
0
0
0
150.1201899
588.5629487
786.2789562
881.5547064
926.8552097
940.4051033
926.8552097
881.5547064
786.2789562
588.5629487
150.1201899
0
0
0
0
0
0
0
0
0
0
0
0
0
136.6500695
580.6141672
781.6388839
878.2465666
924.1082064
937.816474
924.1082064
878.2465666
781.6388839
580.6141672
136.6500695
0
0
0
0
0
0
0
0
0
0
0
0
0
123.4136612
572.5410098
776.9340249
874.8958415
921.3271152
935.196044
921.3271152
874.8958415
776.9340249
572.5410098
123.4136612
0
0
0
0
0
0
0
0
0
0
0
0
0
110.4769019
564.3447173
772.1651259
871.5032134
918.5125688
932.5444288
918.5125688
871.5032134
772.1651259
564.3447173
110.4769019
0
0
0
0
0
0
0
0
0
0
0
0
0
97.9112974
556.0267895
767.333038
868.0694355
915.6652578
929.8622978
915.6652578
868.0694355
767.333038
556.0267895
97.9112974
0
0
0
0
0
0
0
0
0
0
0
0
0
85.79354605
547.5890012
762.4387219
864.5953343
912.7859321
927.1503761
912.7859321
864.5953343
762.4387219
547.5890012
85.79354605
0
0
0
0
0
0
0
0
0
0
0
0
0
74.20482053
539.0334181
757.4832526
861.0818121
909.8754033
924.4094465
909.8754033
861.0818121
757.4832526
539.0334181
74.20482053
0
0
0
0
0
0
0
0
0
0
0
0
0
63.22959578
530.3624131
752.4678239
857.5298497
906.9345463
921.6403513
906.9345463
857.5298497
752.4678239
530.3624131
63.22959578
0
0
0
0
0
0
0
0
0
0
0
0
0
52.95389323
521.5786837
747.3937536
853.9405095
903.9643016
918.8439935
903.9643016
853.9405095
747.3937536
521.5786837
52.95389323
0
0
0
0
0
0
0
0
0
0
0
0
0
43.46279408
512.6852678
742.262488
850.314937
900.9656763
916.0213389
900.9656763
850.314937
742.262488
512.6852678
43.46279408
0
0
0
0
0
0
0
0
0
0
0
0
0
34.83706968
503.6855605
737.075607
846.6543646
897.939747
913.1734175
897.939747
846.6543646
737.075607
503.6855605
34.83706968
0
0
0
0
0
0
0
0
0
0
0
0
0
27.14879614
494.5833307
731.8348285
842.9601132
894.8876604
910.3013251
894.8876604
842.9601132
731.8348285
494.5833307
27.14879614
0
0
0
0
0
0
0
0
0
0
0
0
0
20.45588288
485.3827369
726.5420131
839.2335947
891.810636
907.4062246
891.810636
839.2335947
726.5420131
485.3827369
20.45588288
0
0
0
0
0
0
0
0
0
0
0
0
0
14.79558161
476.0883424
721.1991684
835.4763146
888.7099669
904.4893478
888.7099669
835.4763146
721.1991684
476.0883424
14.79558161
0
0
0
0
0
0
0
0
0
0
0
0
0
10.17729322
466.7051303
715.8084538
831.6898741
885.5870216
901.5519963
885.5870216
831.6898741
715.8084538
466.7051303
10.17729322
0
0
0
0
0
0
0
0
0
0
0
0
0
6.575400401
457.2385172
710.3721841
827.8759718
882.4432454
898.5955429
882.4432454
827.8759718
710.3721841
457.2385172
6.575400401
0
0
0
0
0
0
0
0
0
0
0
0
0
3.923452267
447.6943656
704.8928334
824.0364063
879.2801616
895.6214325
879.2801616
824.0364063
704.8928334
447.6943656
3.923452267
0
0
0
0
0
0
0
0
0
0
0
0
0
2.111769998
438.078995
699.3730394
820.1730771
876.0993725
892.6311835
876.0993725
820.1730771
699.3730394
438.078995
2.111769998
0
0
0
0
0
0
0
0
0
0
0
0
0
0.991202046
428.3991916
693.8156057
816.287987
872.9025606
889.6263882
872.9025606
816.287987
693.8156057
428.3991916
0.991202046
0
0
0
0
0
0
0
0
0
0
0
0
0
0.385750822
418.6622156
688.2235058
812.3832428
869.6914894
886.6087134
869.6914894
812.3832428
688.2235058
418.6622156
0.385750822
0
0
0
0
0
0
0
0
0
0
0
0
0
0.115057247
408.8758061
682.5998849
808.461057
866.4680037
883.5799016
866.4680037
808.461057
682.5998849
408.8758061
0.115057247
0
0
0
0
0
0
0
0
0
0
0
0
0
0.023098894
399.0481839
676.9480628
804.5237482
863.2340305
880.5417704
863.2340305
804.5237482
676.9480628
399.0481839
0.023098894
0
0
0
0
0
0
0
0
0
0
0
0
0
0.002478216
389.1880508
671.2715349
800.573742
859.9915789
877.4962134
859.9915789
800.573742
671.2715349
389.1880508
0.002478216
0
0
0
0
0
0
0
0
0
0
0
0
0
9.03158E-05
379.304586
665.573974
796.6135714
856.7427403
874.4451996
856.7427403
796.6135714
665.573974
379.304586
9.03158E-05
0
0
0
0
0
0
0
0
0
0
0
0
0
3.99685E-07
369.4074385
659.8592304
792.6458767
853.4896882
871.3907736
853.4896882
792.6458767
659.8592304
369.4074385
3.99685E-07
0
0
0
0
0
0
0
0
0
0
0
0
0
1.13198E-11
359.506716
654.1313325
788.6734051
850.2346773
868.3350547
850.2346773
788.6734051
654.1313325
359.506716
1.13198E-11
0
0
0
0
0
0
0
0
0
0
0
0
0
3.85121E-24
349.6129688
648.3944856
784.6990105
846.9800435
865.2802362
846.9800435
784.6990105
648.3944856
349.6129688
3.85121E-24
0
0
0
0
0
0
0
0
0
0
0
0
0
1.2166E-203
339.7371699
642.6530712
780.7256518
843.7282022
862.2285846
843.7282022
780.7256518
642.6530712
339.7371699
1.2166E-203
0
0
0
0
0
0
0
0
0
0
0
0
0
0
329.8906894
636.9116445
776.7563922
840.4816473
859.1824379
840.4816473
776.7563922
636.9116445
329.8906894
0
0
0
0
0
0
0
0
0
0
0
0
0
0
0
320.0852642
631.1749317
772.7943967
837.2429495
856.1442047
837.2429495
772.7943967
631.1749317
320.0852642
0
0
0
0
0
0
0
0
0
0
0
0
0
0
0
310.3329626
625.4478267
768.8429303
834.0147545
853.1163614
834.0147545
768.8429303
625.4478267
310.3329626
0
0
0
0
0
0
0
0
0
0
0
0
0
0
0
300.6461428
619.7353861
764.9053552
830.7997802
850.1014508
830.7997802
764.9053552
619.7353861
300.6461428
0
0
0
0
0
0
0
0
0
0
0
0
0
0
0
291.0374063
614.0428246
760.9851274
827.6008148
847.1020792
827.6008148
760.9851274
614.0428246
291.0374063
0
0
0
0
0
0
0
0
0
0
0
0
0
0
0
281.5195457
608.3755084
757.0857935
824.4207131
844.1209139
824.4207131
757.0857935
608.3755084
281.5195457
0
0
0
0
0
0
0
0
0
0
0
0
0
0
0
272.1054874
602.7389481
753.2109859
821.2623938
841.1606796
821.2623938
753.2109859
602.7389481
272.1054874
0
0
0
0
0
0
0
0
0
0
0
0
0
0
0
262.8082288
597.138791
749.364419
818.1288353
838.2241555
818.1288353
749.364419
597.138791
262.8082288
0
0
0
0
0
0
0
0
0
0
0
0
0
0
0
253.6407708
591.580812
745.5498834
815.0230718
835.3141708
815.0230718
745.5498834
591.580812
253.6407708
0
0
0
0
0
0
0
0
0
0
0
0
0
0
0
244.6160466
586.0709041
741.7712404
811.9481888
832.4336012
811.9481888
741.7712404
586.0709041
244.6160466
0
0
0
0
0
0
0
0
0
0
0
0
0
0
0
235.7468465
580.6150672
738.032416
808.9073185
829.5853642
808.9073185
738.032416
580.6150672
235.7468465
0
0
0
0
0
0
0
0
0
0
0
0
0
0
0
227.0457397
575.2193972
734.3373944
805.9036342
826.7724141
805.9036342
734.3373944
575.2193972
227.0457397
0
0
0
0
0
0
0
0
0
0
0
0
0
0
0
218.5249949
569.890073
730.6902105
802.9403452
823.9977369
802.9403452
730.6902105
569.890073
218.5249949
0
0
0
0
0
0
0
0
0
0
0
0
0
0
0
210.1964994
564.6333437
727.0949424
800.0206903
821.2643452
800.0206903
727.0949424
564.6333437
210.1964994
0
0
0
0
0
0
0
0
0
0
0
0
0
0
0
202.0716792
559.4555144
723.5557034
797.1479323
818.5752718
797.1479323
723.5557034
559.4555144
202.0716792
0
0
0
0
0
0
0
0
0
0
0
0
0
0
0
194.1614203
554.3629314
720.0766334
794.3253507
815.9335642
794.3253507
720.0766334
554.3629314
194.1614203
0
0
0
0
0
0
0
0
0
0
0
0
0
0
0
186.4759936
549.3619672
716.6618899
791.5562351
813.3422778
791.5562351
716.6618899
549.3619672
186.4759936
0
0
0
0
0
0
0
0
0
0
0
0
0
0
0
179.0249838
544.4590042
713.3156386
788.8438781
810.8044694
788.8438781
713.3156386
544.4590042
179.0249838
0
0
0
0
0
0
0
0
0
0
0
0
0
0
0
171.8172246
539.6604182
710.0420435
786.1915676
808.3231905
786.1915676
710.0420435
539.6604182
171.8172246
0
0
0
0
0
0
0
0
0
0
0
0
0
0
0
164.8607413
534.9725618
706.8452572
783.6025789
805.9014798
783.6025789
706.8452572
534.9725618
164.8607413
0
0
0
0
0
0
0
0
0
0
0
0
0
0
0
158.1627025
530.4017467
703.7294099
781.0801673
803.5423561
781.0801673
703.7294099
530.4017467
158.1627025
0
0
0
0
0
0
0
0
0
0
0
0
0
0
0
151.7293812
525.9542268
700.6985992
778.6275593
801.2488107
778.6275593
700.6985992
525.9542268
151.7293812
0
0
0
0
0
0
0
0
0
0
0
0
0
0
0
145.566128
521.6361798
697.7568788
776.2479444
799.0237998
776.2479444
697.7568788
521.6361798
145.566128
0
0
0
0
0
0
0
0
0
0
0
0
0
0
0
139.6773562
517.4536897
694.9082476
773.944467
796.8702366
773.944467
694.9082476
517.4536897
139.6773562
0
0
0
0
0
0
0
0
0
0
0
0
0
0
0
134.0665393
513.4127294
692.1566384
771.7202172
794.7909834
771.7202172
692.1566384
513.4127294
134.0665393
0
0
0
0
0
0
0
0
0
0
0
0
0
0
0
128.736223
509.5191424
689.5059067
769.5782227
792.788844
769.5782227
689.5059067
509.5191424
128.736223
0
0
0
0
0
0
0
0
0
0
0
0
0
0
0
123.6880498
505.7786262
686.959819
767.5214396
790.8665552
767.5214396
686.959819
505.7786262
123.6880498
0
0
0
0
0
0
0
0
0
0
0
0
0
0
0
118.922797
502.1967145
684.5220421
765.5527443
789.0267793
765.5527443
684.5220421
502.1967145
118.922797
0
0
0
0
0
0
0
0
0
0
0
0
0
0
0
114.4404277
498.7787608
682.1961311
763.6749246
787.2720959
763.6749246
682.1961311
498.7787608
114.4404277
0
0
0
0
0
0
0
0
0
0
0
0
0
0
0
110.2401542
495.5299224
679.9855189
761.890671
785.6049945
761.890671
679.9855189
495.5299224
110.2401542
0
0
0
0
0
0
0
0
0
0
0
0
0
0
0
106.3205111
492.4551444
677.8935053
760.2025689
784.0278665
760.2025689
677.8935053
492.4551444
106.3205111
0
0
0
0
0
0
0
0
0
0
0
0
0
0
0
102.6794392
489.5591448
675.923246
758.6130899
782.5429979
758.6130899
675.923246
489.5591448
102.6794392
0
0
0
0
0
0
0
0
0
0
0
0
0
0
0
99.31437636
486.8464006
674.0777424
757.1245843
781.152562
757.1245843
674.0777424
486.8464006
99.31437636
0
0
0
0
0
0
0
0
0
0
0
0
0
0
0
96.22235463
484.3211335
672.359832
755.7392734
779.8586124
755.7392734
672.359832
484.3211335
96.22235463
0
0
0
0
0
0
0
0
0
0
0
0
0
0
0
93.40010142
481.9872978
670.7721785
754.4592418
778.6630765
754.4592418
670.7721785
481.9872978
93.40010142
0
0
0
0
0
0
0
0
0
0
0
0
0
0
0
90.84414282
479.8485684
669.317263
753.2864311
777.5677488
753.2864311
669.317263
479.8485684
90.84414282
0
0
0
0
0
0
0
0
0
0
0
0
0
0
0
88.5509068
477.9083296
667.9973755
752.2226327
776.5742851
752.2226327
667.9973755
477.9083296
88.5509068
0
0
0
0
0
0
0
0
0
0
0
0
0
0
0
86.51682451
476.1696655
666.8146069
751.2694823
775.6841969
751.2694823
666.8146069
476.1696655
86.51682451
0
0
0
0
0
0
0
0
0
0
0
0
0
0
0
84.73842756
474.6353502
665.7708416
750.4284538
774.8988463
750.4284538
665.7708416
474.6353502
84.73842756
0
0
0
0
0
0
0
0
0
0
0
0
0
0
0
83.21243974
473.3078403
664.8677514
749.7008546
774.2194413
749.7008546
664.8677514
473.3078403
83.21243974
0
0
0
0
0
0
0
0
0
0
0
0
0
0
0
81.93586123
472.1892675
664.1067889
749.0878207
773.6470315
749.0878207
664.1067889
472.1892675
81.93586123
0
0
0
0
0
0
0
0
0
0
0
0
0
0
0
80.90604412
471.2814324
663.489183
748.5903131
773.1825046
748.5903131
663.489183
471.2814324
80.90604412
0
0
0
0
0
0
0
0
0
0
0
0
0
0
0
80.12075783
470.5857992
663.0159341
748.2091139
772.8265833
748.2091139
663.0159341
470.5857992
80.12075783
0
0
0
0
0
0
0
0
0
0
0
0
0
0
0
79.57824338
470.1034916
662.6878106
747.944824
772.5798226
747.944824
662.6878106
470.1034916
79.57824338
0
0
0
0
0
0
0
0
0
0
0
0
0
0
0
79.27725573
469.8352898
662.5053465
747.7978607
772.4426082
747.7978607
662.5053465
469.8352898
79.27725573
0
0
0
0
0
0
0
0
0
0
0
0
0
0
0
79.21709349
469.7816277
662.4688388
747.7684565
772.4151545
747.7684565
662.4688388
469.7816277
79.21709349
0
0
0
0
0
0
0
0
0
0
0
0
0
0
0
79.39761554
469.9425923
662.578347
747.8566577
772.4975047
747.8566577
662.578347
469.9425923
79.39761554
0
0
0
0
0
0
0
0
0
0
0
0
0
0
0
79.81924439
470.3179229
662.8336928
748.0623249
772.6895298
748.0623249
662.8336928
470.3179229
79.81924439
0
0
0
0
0
0
0
0
0
0
0
0
0
0
0
80.48295617
470.9070123
663.2344604
748.3851331
772.9909296
748.3851331
663.2344604
470.9070123
80.48295617
0
0
0
0
0
0
0
0
0
0
0
0
0
0
0
81.39025738
471.7089083
663.7799984
748.824573
773.4012336
748.824573
663.7799984
471.7089083
81.39025738
0
0
0
0
0
0
0
0
0
0
0
0
0
0
0
82.54314888
472.7223164
664.4694221
749.3799528
773.9198027
749.3799528
664.4694221
472.7223164
82.54314888
0
0
0
0
0
0
0
0
0
0
0
0
0
0
0
83.94407741
473.9456036
665.3016161
750.0504005
774.5458313
750.0504005
665.3016161
473.9456036
83.94407741
0
0
0
0
0
0
0
0
0
0
0
0
0
0
0
85.59587566
475.3768031
666.2752393
750.8348671
775.2783503
750.8348671
666.2752393
475.3768031
85.59587566
0
0
0
0
0
0
0
0
0
0
0
0
0
0
0
87.50169168
477.01362
667.3887287
751.7321305
776.1162304
751.7321305
667.3887287
477.01362
87.50169168
0
0
0
0
0
0
0
0
0
0
0
0
0
0
0
89.66490878
478.8534378
668.6403054
752.7407994
777.0581861
752.7407994
668.6403054
478.8534378
89.66490878
0
0
0
0
0
0
0
0
0
0
0
0
0
0
0
92.08905745
480.8933263
670.0279808
753.8593183
778.1027799
753.8593183
670.0279808
480.8933263
92.08905745
0
0
0
0
0
0
0